vowel	phone	time	duration	F1	F2	F3	ceiling	F1Bk	F2Bk	F3Bk	filename
a	a	33.118	0.146	828	1844	3331	5500	7.43	12.31	16.29	archi-phon-2006-PSX-1-vowels
a	a	34.777	0.076	639	1833	2956	5500	5.77	12.18	15.36	archi-phon-2006-PSX-1-vowels
a	à	59.967	0.111	584	2113	2937	5500	5.65	13.24	15.49	archi-phon-2006-PSX-1-vowels
a	à	61.627	0.091	625	2079	2741	5500	5.95	13.15	15.02	archi-phon-2006-PSX-1-vowels
a	á	109.389	0.090	831	1961	2903	5500	7.45	12.75	15.41	archi-phon-2006-PSX-1-vowels
a	á	112.700	0.089	920	1771	2535	5500	8.03	12.09	14.41	archi-phon-2006-PSX-1-vowels
a	á	114.159	0.129	884	1814	2921	5500	7.80	12.24	15.38	archi-phon-2006-PSX-1-vowels
a	á	114.868	0.073	896	1773	2938	5500	7.87	12.10	15.49	archi-phon-2006-PSX-1-vowels
a	a	121.376	0.165	738	1574	2877	5500	6.81	11.32	15.35	archi-phon-2006-PSX-1-vowels
a	á	121.631	0.232	819	1700	2609	5500	7.38	11.82	14.62	archi-phon-2006-PSX-1-vowels
a	a	122.495	0.105	765	1674	2903	5500	7.01	11.72	15.41	archi-phon-2006-PSX-1-vowels
a	á	122.658	0.179	846	1739	2908	5500	7.54	11.97	15.42	archi-phon-2006-PSX-1-vowels
a	aː	128.471	0.293	821	1867	2551	5500	7.38	12.44	14.50	archi-phon-2006-PSX-1-vowels
a	a	129.365	0.158	805	1814	2881	5500	7.28	12.25	15.36	archi-phon-2006-PSX-1-vowels
a	á	138.626	0.286	832	1791	2806	5500	7.46	12.17	15.16	archi-phon-2006-PSX-1-vowels
a	á	139.936	0.164	784	1857	2926	5500	7.13	12.41	15.46	archi-phon-2006-PSX-1-vowels
a	á	143.818	0.168	852	1796	2821	5500	7.60	12.18	15.22	archi-phon-2006-PSX-1-vowels
a	á	145.149	0.096	764	1967	2874	5500	7.00	12.78	15.34	archi-phon-2006-PSX-1-vowels
a	áː	169.966	0.297	836	1795	2920	5500	7.49	12.18	15.45	archi-phon-2006-PSX-1-vowels
a	áː	171.261	0.211	824	1773	2997	5500	7.41	12.10	15.63	archi-phon-2006-PSX-1-vowels
a	á	175.736	0.163	830	1523	2882	5500	7.45	11.11	15.36	archi-phon-2006-PSX-1-vowels
a	à	175.937	0.127	800	1840	2854	5500	7.24	12.34	15.29	archi-phon-2006-PSX-1-vowels
a	á	177.035	0.110	699	1392	2712	5500	6.53	10.53	14.95	archi-phon-2006-PSX-1-vowels
a	à	177.182	0.112	776	1660	2794	5500	7.08	11.66	15.15	archi-phon-2006-PSX-1-vowels
a	á	178.491	0.183	747	1777	2802	5500	6.88	12.11	15.16	archi-phon-2006-PSX-1-vowels
a	a	178.821	0.083	814	1883	2648	5500	7.34	12.50	14.76	archi-phon-2006-PSX-1-vowels
a	á	179.446	0.162	801	1935	2888	5500	7.25	12.67	15.38	archi-phon-2006-PSX-1-vowels
a	a	179.753	0.053	822	1915	2944	5500	7.40	12.61	15.51	archi-phon-2006-PSX-1-vowels
a	á	186.379	0.151	898	1697	2829	5500	7.89	11.81	15.22	archi-phon-2006-PSX-1-vowels
a	a	193.345	0.086	846	1724	2807	5500	7.56	11.91	15.18	archi-phon-2006-PSX-1-vowels
a	áː	193.661	0.226	757	1679	2989	5500	6.95	11.74	15.61	archi-phon-2006-PSX-1-vowels
a	a	194.096	0.127	868	1648	3053	5500	7.70	11.62	15.76	archi-phon-2006-PSX-1-vowels
a	áː	194.427	0.180	814	1727	3000	5500	7.34	11.93	15.63	archi-phon-2006-PSX-1-vowels
a	a	195.529	0.155	906	1770	2780	5500	7.93	12.08	15.12	archi-phon-2006-PSX-1-vowels
a	áː	195.871	0.224	860	1757	2675	5500	7.65	12.04	14.85	archi-phon-2006-PSX-1-vowels
a	a	196.347	0.097	842	1669	2937	5500	7.52	11.70	15.49	archi-phon-2006-PSX-1-vowels
a	áː	196.651	0.224	834	1787	3177	5500	7.47	12.15	16.02	archi-phon-2006-PSX-1-vowels
a	á	197.629	0.148	821	1892	2669	5500	7.39	12.53	14.83	archi-phon-2006-PSX-1-vowels
a	aː	197.996	0.224	781	1811	3381	5500	7.12	12.24	16.46	archi-phon-2006-PSX-1-vowels
a	a	198.475	0.131	781	1795	2612	5500	7.11	12.18	14.69	archi-phon-2006-PSX-1-vowels
a	áː	198.819	0.214	807	1701	2879	5500	7.29	11.83	15.36	archi-phon-2006-PSX-1-vowels
a	áː	200.222	0.234	778	1781	2884	5500	7.10	12.13	15.37	archi-phon-2006-PSX-1-vowels
a	a	200.791	0.097	770	1707	3037	5500	7.04	11.85	15.72	archi-phon-2006-PSX-1-vowels
a	áː	201.084	0.158	748	1707	2973	5500	6.89	11.85	15.58	archi-phon-2006-PSX-1-vowels
a	á	224.957	0.128	790	1746	2567	5500	7.18	12.00	14.57	archi-phon-2006-PSX-1-vowels
a	á	226.785	0.094	655	1716	2607	5500	6.21	11.88	14.68	archi-phon-2006-PSX-1-vowels
a	á	232.531	0.075	882	1776	2696	5500	7.79	12.11	14.91	archi-phon-2006-PSX-1-vowels
a	á	233.694	0.129	831	1675	2842	5500	7.43	11.72	15.27	archi-phon-2006-PSX-1-vowels
a	a	294.035	0.141	787	1806	3434	5500	7.15	12.22	16.56	archi-phon-2006-PSX-1-vowels
a	a	295.208	0.118	874	1803	3109	5500	7.72	12.21	15.87	archi-phon-2006-PSX-1-vowels
a	á	318.306	0.137	841	1758	2902	5500	7.52	12.03	15.41	archi-phon-2006-PSX-1-vowels
a	á	345.819	0.151	766	1769	2819	5500	7.01	12.08	15.20	archi-phon-2006-PSX-1-vowels
a	á	346.664	0.135	764	1699	2901	5500	7.00	11.82	15.41	archi-phon-2006-PSX-1-vowels
a	á	356.001	0.079	749	2074	3101	5500	6.90	13.14	15.86	archi-phon-2006-PSX-1-vowels
a	á	357.681	0.090	722	1809	2976	5500	6.71	12.23	15.58	archi-phon-2006-PSX-1-vowels
a	á	360.138	0.120	708	2024	2884	5500	6.60	12.97	15.37	archi-phon-2006-PSX-1-vowels
a	á	361.787	0.095	781	1879	2828	5500	7.12	12.48	15.23	archi-phon-2006-PSX-1-vowels
a	á	364.044	0.102	820	1855	2822	5500	7.38	12.40	15.13	archi-phon-2006-PSX-1-vowels
a	á	365.129	0.117	684	1911	2516	5500	6.42	12.59	14.32	archi-phon-2006-PSX-1-vowels
a	á	366.057	0.089	750	1538	2123	5500	6.90	11.02	13.23	archi-phon-2006-PSX-1-vowels
a	á	368.087	0.042	619	1898	3263	5500	5.93	12.55	16.21	archi-phon-2006-PSX-1-vowels
a	á	438.193	0.147	848	1734	3050	5500	7.57	11.95	15.74	archi-phon-2006-PSX-1-vowels
a	á	439.609	0.109	834	1633	2920	5500	7.47	11.56	15.45	archi-phon-2006-PSX-1-vowels
a	a	447.723	0.051	713	2044	3025	5500	6.64	13.04	15.70	archi-phon-2006-PSX-1-vowels
a	a	447.828	0.117	760	1952	2896	5500	6.96	12.73	15.40	archi-phon-2006-PSX-1-vowels
a	a	449.497	0.053	663	1966	3107	5500	6.27	12.78	15.88	archi-phon-2006-PSX-1-vowels
a	a	449.617	0.112	848	1910	2847	5500	7.57	12.59	15.28	archi-phon-2006-PSX-1-vowels
a	á	470.787	0.174	843	1809	2524	5500	7.53	12.23	14.43	archi-phon-2006-PSX-1-vowels
a	á	472.638	0.149	824	1848	3007	5500	7.41	12.37	15.65	archi-phon-2006-PSX-1-vowels
a	à	615.466	0.151	754	1618	2884	5500	6.89	11.39	15.11	archi-phon-2006-PSX-1-vowels
a	à	616.639	0.068	666	1670	3240	5500	6.28	11.71	16.17	archi-phon-2006-PSX-1-vowels
a	á	700.446	0.242	996	1767	3145	5500	8.48	12.08	15.96	archi-phon-2006-PSX-1-vowels
a	á	701.709	0.210	876	1770	3193	5500	7.75	12.09	16.06	archi-phon-2006-PSX-1-vowels
a	a	702.005	0.124	666	2076	3048	5500	6.29	13.14	15.75	archi-phon-2006-PSX-1-vowels
a	á	705.347	0.164	779	1820	3054	5500	7.10	12.27	15.76	archi-phon-2006-PSX-1-vowels
a	á	708.209	0.227	847	1746	2809	5500	7.54	12.00	15.11	archi-phon-2006-PSX-1-vowels
a	á	709.269	0.216	865	1675	2779	5500	7.67	11.72	14.88	archi-phon-2006-PSX-1-vowels
a	ã́	712.161	0.249	817	1743	3286	5500	7.29	11.99	16.26	archi-phon-2006-PSX-1-vowels
a	ã́	713.215	0.303	443	1607	2961	5500	4.42	11.43	15.47	archi-phon-2006-PSX-1-vowels
a	á	715.627	0.177	848	1817	2945	5500	7.57	12.26	15.51	archi-phon-2006-PSX-1-vowels
a	á	716.721	0.138	806	1744	3090	5500	7.29	11.99	15.84	archi-phon-2006-PSX-1-vowels
a	a	723.368	0.185	915	1934	3113	5500	7.99	12.67	15.89	archi-phon-2006-PSX-1-vowels
a	á	723.716	0.238	821	1826	2776	5500	7.39	12.29	15.01	archi-phon-2006-PSX-1-vowels
a	a	724.257	0.118	644	1940	2810	5500	6.11	12.69	15.11	archi-phon-2006-PSX-1-vowels
a	á	724.519	0.160	761	1807	2976	5500	6.97	12.22	15.57	archi-phon-2006-PSX-1-vowels
a	á	727.360	0.167	852	1939	3323	5500	7.60	12.69	16.34	archi-phon-2006-PSX-1-vowels
a	à	727.847	0.110	677	1848	3170	5500	6.37	12.37	16.00	archi-phon-2006-PSX-1-vowels
a	áː	729.042	0.247	919	1857	3203	5500	8.02	12.40	16.09	archi-phon-2006-PSX-1-vowels
a	à	729.653	0.103	685	1887	3291	5500	6.43	12.51	16.27	archi-phon-2006-PSX-1-vowels
a	a	747.018	0.086	699	1611	2852	5500	6.53	11.47	15.29	archi-phon-2006-PSX-1-vowels
a	a	754.450	0.146	800	1903	2889	5500	7.24	12.57	15.38	archi-phon-2006-PSX-1-vowels
a	a	755.672	0.148	801	1759	3026	5500	7.25	12.04	15.70	archi-phon-2006-PSX-1-vowels
a	á	779.274	0.205	941	1748	2364	5500	8.15	12.01	14.02	archi-phon-2006-PSX-1-vowels
a	á	780.432	0.156	854	1733	2474	5500	7.61	11.95	14.32	archi-phon-2006-PSX-1-vowels
a	á	838.117	0.266	809	1864	2893	5500	7.30	12.43	15.36	archi-phon-2006-PSX-1-vowels
a	á	839.110	0.166	861	1876	3197	5500	7.65	12.47	16.07	archi-phon-2006-PSX-1-vowels
a	á	841.949	0.201	837	1790	2750	5500	7.47	12.15	14.85	archi-phon-2006-PSX-1-vowels
a	á	842.962	0.175	864	1547	3414	5500	7.56	11.21	16.52	archi-phon-2006-PSX-1-vowels
a	áː	848.439	0.291	839	1662	3049	5500	7.51	11.68	15.75	archi-phon-2006-PSX-1-vowels
a	á	849.480	0.202	1105	1695	3247	5500	9.08	11.81	16.17	archi-phon-2006-PSX-1-vowels
a	áʲˤ	117.734	0.109	801	1599	2525	5050	7.24	11.20	14.37	archi-phon-2006-PSX-1-vowels
a	áʲˤ	118.977	0.121	839	1941	2778	5050	7.51	12.69	15.08	archi-phon-2006-PSX-1-vowels
a	áˤ	133.695	0.266	797	1745	2511	5050	7.23	12.00	14.43	archi-phon-2006-PSX-1-vowels
a	áˤ	134.720	0.202	835	1765	2570	5050	7.48	12.07	14.58	archi-phon-2006-PSX-1-vowels
a	ã́ˤ	165.923	0.213	796	1704	2463	5050	7.15	11.82	14.22	archi-phon-2006-PSX-1-vowels
a	ã́ˤ	167.038	0.229	784	1732	2534	5050	7.11	11.94	14.42	archi-phon-2006-PSX-1-vowels
a	aʲˤ	199.822	0.171	820	1844	2521	5050	7.38	12.36	14.34	archi-phon-2006-PSX-1-vowels
a	áːˤ	206.179	0.216	839	1681	2476	5050	7.51	11.75	14.33	archi-phon-2006-PSX-1-vowels
a	áːˤ	208.436	0.249	891	1680	2504	5050	7.84	11.75	14.41	archi-phon-2006-PSX-1-vowels
a	áːˤ	588.612	0.337	871	1751	2656	5050	7.71	12.02	14.81	archi-phon-2006-PSX-1-vowels
a	áˤ	589.772	0.151	812	1893	2655	5050	7.33	12.53	14.80	archi-phon-2006-PSX-1-vowels
a	áːˤ	662.317	0.449	753	1678	2138	5050	6.72	11.73	13.31	archi-phon-2006-PSX-1-vowels
a	áːˤ	663.513	0.412	844	1679	2530	5050	7.53	11.74	14.47	archi-phon-2006-PSX-1-vowels
a	áˤ	704.267	0.279	729	1865	2609	5050	6.74	12.43	14.68	archi-phon-2006-PSX-1-vowels
a	áˤ	739.068	0.297	902	1682	2426	5050	7.91	11.75	14.11	archi-phon-2006-PSX-1-vowels
a	áˤ	740.054	0.178	864	1621	2678	5050	7.67	11.51	14.86	archi-phon-2006-PSX-1-vowels
a	áˤ	742.948	0.109	798	1803	2664	5050	7.23	12.21	14.83	archi-phon-2006-PSX-1-vowels
a	áˤ	744.017	0.114	751	1672	2561	5050	6.91	11.72	14.56	archi-phon-2006-PSX-1-vowels
a	áːˤ	746.734	0.256	812	1783	2621	5050	7.33	12.14	14.72	archi-phon-2006-PSX-1-vowels
a	áːˤ	748.090	0.262	871	1695	2646	5050	7.71	11.80	14.77	archi-phon-2006-PSX-1-vowels
a	áˤ	762.303	0.283	734	1712	2303	5050	6.79	11.86	13.84	archi-phon-2006-PSX-1-vowels
a	áˤ	763.497	0.292	744	1756	2380	5050	6.86	12.04	14.06	archi-phon-2006-PSX-1-vowels
