speaker	vowel	phone	time	duration	F1	F2	F3	ceiling	F1Bk	F2Bk	F3Bk
HDK	i	í	5.790	0.216	446	1855	3479	5700	4.48	11.08	16.59
HDK	i	ĩ́	7.232	0.184	450	2530	3604	5700	4.52	13.76	16.87
HDK	i	í	9.710	0.197	464	2978	3387	5700	4.65	15.59	16.47
HDK	i	í	10.982	0.196	440	2844	3330	5700	4.43	15.27	16.35
HDK	i	i	13.350	0.108	504	2536	3004	5700	4.99	14.48	15.61
HDK	i	í	13.539	0.226	433	2856	3433	5700	4.37	15.30	16.55
HDK	i	í	14.643	0.193	425	2727	3219	5700	4.30	14.98	16.12
HDK	i	i	20.776	0.157	420	2916	2985	5700	4.25	15.44	15.60
HDK	i	i	21.888	0.149	415	2722	2960	5700	4.21	14.97	15.55
HDK	i	i	24.407	0.118	480	2762	3329	5700	4.78	15.07	16.35
HDK	i	i	25.683	0.108	451	2100	3336	5700	4.53	12.73	16.29
HDK	i	íː	28.369	0.276	372	3007	3710	5700	3.82	15.65	17.09
HDK	i	íː	29.596	0.265	395	2909	3633	5700	4.03	15.43	16.92
HDK	i	íː	34.168	0.264	394	3014	3777	5700	4.02	15.67	17.22
HDK	i	íː	35.502	0.245	387	2737	3667	5700	3.95	14.93	16.97
HDK	i	íː	40.527	0.321	390	2652	3088	5700	3.98	14.73	15.83
HDK	i	i	41.028	0.136	407	2916	3183	5700	4.13	15.44	16.04
HDK	i	íː	41.765	0.271	413	2496	3148	5700	4.19	14.33	15.94
HDK	i	i	42.194	0.142	418	2761	3358	5700	4.24	15.05	16.39
HDK	i	i	44.859	0.127	441	2831	3354	5700	4.45	15.24	16.40
HDK	i	i	45.996	0.116	446	2839	3276	5700	4.49	15.26	16.24
HDK	i	i	54.399	0.119	414	2594	3050	5700	4.20	14.65	15.75
HDK	i	i	55.836	0.085	409	2533	3009	5700	4.16	14.47	15.66
HDK	i	í	145.347	0.177	410	2895	3308	5700	4.16	15.39	16.31
HDK	i	í	146.391	0.183	464	2864	3138	5700	4.65	15.32	15.94
HDK	i	i	177.067	0.073	418	2824	3365	5700	4.24	15.22	16.43
HDK	i	i	191.897	0.058	495	2597	3282	5700	4.92	14.65	16.25
HDK	i	i	193.298	0.074	420	2789	3278	5700	4.25	15.14	16.24
HDK	i	i	194.453	0.092	446	2858	3479	5700	4.49	15.31	16.65
HDK	i	í	237.590	0.157	467	2859	3285	5700	4.68	15.31	16.26
HDK	i	í	238.469	0.186	506	2851	3313	5700	5.01	15.29	16.32
HDK	i	íː	266.333	0.328	344	2917	3111	5700	3.55	15.44	15.88
HDK	i	íː	267.545	0.313	333	3033	3221	5700	3.45	15.71	16.12
HDK	i	i	270.881	0.096	478	2703	3331	5700	4.77	14.92	16.35
HDK	i	i	272.133	0.074	525	2445	3291	5700	5.17	14.24	16.27
HDK	i	i	273.898	0.106	474	2694	3041	5700	4.73	14.90	15.73
HDK	i	i	277.472	0.139	425	2917	3196	5700	4.30	15.45	16.07
HDK	i	i	278.773	0.119	467	2754	3097	5700	4.67	15.05	15.85
HDK	i	i	309.607	0.201	526	2662	3395	5700	5.18	14.82	16.49
HDK	i	i	310.846	0.202	476	2750	3164	5700	4.75	15.04	15.99
HDK	i	i	313.645	0.158	462	2764	3070	5700	4.63	15.08	15.80
HDK	i	i	314.698	0.162	451	2772	3119	5700	4.53	15.10	15.90
HDK	i	i	390.593	0.247	473	2762	3391	5700	4.72	15.07	16.48
HDK	i	i	391.449	0.263	491	2774	3176	5700	4.88	15.10	16.03
HDK	i	i	395.424	0.097	384	2709	3063	5700	3.93	14.94	15.78
HDK	i	i	396.222	0.220	417	2747	3232	5700	4.23	15.03	16.14
HDK	i	i	397.315	0.103	375	2705	3294	5700	3.84	14.93	16.28
HDK	i	i	398.069	0.206	472	2620	3247	5700	4.71	14.71	16.18
HDK	i	i	402.710	0.164	489	2469	3019	5700	4.87	14.31	15.68
HDK	i	i	404.150	0.175	498	2475	3020	5700	4.94	14.33	15.68
HDK	i	í	409.304	0.229	339	2939	3515	5700	3.50	15.50	16.73
HDK	i	í	410.607	0.248	362	2953	3399	5700	3.72	15.53	16.49
HDK	i	í	413.372	0.450	337	2976	3511	5700	3.48	15.58	16.71
HDK	i	í	414.512	0.358	344	2961	3500	5700	3.55	15.55	16.69
HDK	i	ĩ́	417.033	0.267	374	3010	3556	5700	3.83	15.66	16.80
HDK	i	í	418.139	0.194	401	2998	3451	5700	4.08	15.63	16.60
HDK	i	í	422.047	0.162	486	2759	3303	5700	4.82	15.05	16.27
HDK	i	í	423.461	0.139	458	2670	3090	5700	4.60	14.83	15.83
HDK	i	í	426.078	0.236	343	2920	3058	5700	3.53	15.45	15.77
HDK	i	í	427.284	0.218	422	2852	3131	5700	4.27	15.29	15.93
HDK	i	íː	429.971	0.398	370	2789	3203	5700	3.80	15.12	16.08
HDK	i	íː	431.197	0.431	419	3008	3392	5700	4.25	15.66	16.47
HDK	i	i	435.816	0.171	441	2803	3105	5700	4.44	15.17	15.87
HDK	i	i	437.133	0.153	435	2850	3177	5700	4.39	15.29	16.03
HDK	i	i	450.925	0.195	477	2891	3264	5700	4.76	15.38	16.22
HDK	i	i	452.314	0.188	446	2844	3318	5700	4.49	15.27	16.33
HDK	i	i	493.056	0.130	491	2754	3137	5700	4.88	15.05	15.95
HDK	i	íː	546.405	0.271	375	2940	3318	5700	3.84	15.50	16.33
HDK	i	i	546.885	0.125	478	2769	3126	5700	4.77	15.09	15.92
HDK	i	íː	547.727	0.271	402	2955	3265	5700	4.09	15.53	16.22
HDK	i	i	548.183	0.108	447	2740	3083	5700	4.50	15.02	15.82
HDK	i	i	560.509	0.106	454	2863	3179	5700	4.56	15.32	16.03
HDK	i	i	561.853	0.117	466	2797	3172	5700	4.66	15.16	16.02
HDK	i	i	568.044	0.143	357	3044	3116	5700	3.68	15.74	15.90
HDK	i	i	591.852	0.183	450	2892	3331	5700	4.52	15.39	16.35
HDK	i	i	593.114	0.222	437	2903	3210	5700	4.40	15.41	16.08
HDK	i	i	623.969	0.116	499	2866	3117	5700	4.95	15.32	15.89
HDK	i	í	624.186	0.165	482	2922	3230	5700	4.81	15.46	16.14
HDK	i	i	627.031	0.134	504	3000	3449	5700	4.99	15.64	16.59
HDK	i	í	627.238	0.163	395	3010	3478	5700	4.03	15.66	16.65
HDK	i	i	627.943	0.099	474	2750	3250	5700	4.74	15.04	16.19
HDK	i	í	628.137	0.165	479	2852	3146	5700	4.78	15.29	15.96
HDK	i	íː	688.269	0.349	363	2670	3141	5700	3.73	14.83	15.95
HDK	i	íː	689.668	0.373	373	2850	3353	5700	3.83	15.29	16.40
HDK	i	íˤ	24.742	0.223	427	2692	3448	6500	4.32	14.90	16.59
HDK	i	íˤ	25.989	0.235	416	2739	3406	6500	4.22	15.01	16.51
HDK	i	íˤ	293.348	0.277	481	2739	3266	6500	4.79	15.01	16.22
HDK	i	íˤ	294.320	0.233	474	2696	3170	6500	4.73	14.91	16.02
HDK	i	iˤ	439.830	0.133	453	2154	3484	6500	4.54	13.39	16.66
HDK	i	iˤ	441.111	0.175	494	2520	2960	6500	4.90	14.44	15.54
HDK	i	íˤ	445.699	0.247	463	2607	3335	6500	4.64	14.68	16.36
HDK	i	íˤ	447.179	0.232	409	2694	3366	6500	4.15	14.90	16.43
HDK	i	iˤ	529.910	0.130	563	2576	3197	6500	5.48	14.60	16.07
HDK	i	iˤ	531.142	0.127	532	2517	3155	6500	5.22	14.44	15.98
HDK	i	iˤ	631.676	0.129	541	2680	3191	6500	5.30	14.87	16.06
HDK	i	iˤ	632.933	0.132	493	2506	3142	6500	4.90	14.41	15.95
HDK	i	iˤ	644.048	0.216	452	2922	3286	6500	4.54	15.46	16.26
HDK	i	iˤ	645.350	0.160	467	2727	3219	6500	4.67	14.99	16.12
HDK	i	iˤ	648.646	0.201	496	2848	3610	6500	4.92	15.28	16.90
HDK	i	iˤ	650.022	0.150	535	2809	3527	6500	5.25	15.18	16.73
HDK	e	e	28.792	0.164	592	2595	3209	6000	5.72	14.65	16.10
HDK	e	e	29.978	0.134	642	2411	3182	6000	6.11	14.15	16.04
HDK	e	é	44.418	0.194	542	2651	3341	6000	5.31	14.79	16.38
HDK	e	é	45.549	0.210	456	2621	3289	6000	4.58	14.72	16.27
HDK	e	é	49.117	0.198	489	2633	3145	6000	4.87	14.75	15.96
HDK	e	é	50.387	0.165	443	2617	3204	6000	4.46	14.70	16.09
HDK	e	é	53.684	0.179	617	2667	3232	6000	5.91	14.83	16.15
HDK	e	e	54.030	0.209	525	2476	3083	6000	5.17	14.33	15.82
HDK	e	é	55.171	0.144	574	2611	3268	6000	5.57	14.69	16.23
HDK	e	e	55.482	0.187	507	2424	3018	6000	5.02	14.19	15.68
HDK	e	e	59.179	0.122	497	2550	3056	6000	4.93	14.53	15.76
HDK	e	e	60.530	0.121	489	2693	3054	6000	4.87	14.90	15.75
HDK	e	éː	83.404	0.292	560	2518	3144	6000	5.45	14.45	15.96
HDK	e	éː	84.827	0.283	476	2503	3140	6000	4.75	14.41	15.95
HDK	e	é	94.047	0.169	555	2329	3016	6000	5.41	13.92	15.67
HDK	e	é	95.709	0.173	489	2370	3047	6000	4.86	14.04	15.75
HDK	e	éː	164.977	0.354	570	2453	3135	6000	5.54	14.27	15.94
HDK	e	éː	166.552	0.285	584	2508	3167	6000	5.65	14.42	16.01
HDK	e	e	281.205	0.169	559	2508	3161	6000	5.45	14.41	16.00
HDK	e	e	282.463	0.162	576	2400	3111	6000	5.59	14.12	15.89
HDK	e	é	435.167	0.270	622	2530	3113	6000	5.95	14.47	15.89
HDK	e	é	436.520	0.198	550	2570	3147	6000	5.38	14.58	15.97
HDK	e	é	454.831	0.229	569	2618	3287	6000	5.53	14.71	16.27
HDK	e	é	456.202	0.297	549	2674	3225	6000	5.37	14.85	16.13
HDK	e	é	459.422	0.174	575	2459	3170	6000	5.58	14.28	16.01
HDK	e	é	460.862	0.205	550	2537	3124	6000	5.38	14.49	15.92
HDK	e	é	465.019	0.220	574	2672	3076	6000	5.57	14.84	15.80
HDK	e	é	466.170	0.223	561	2499	3099	6000	5.47	14.39	15.86
HDK	e	é	476.777	0.215	609	2433	3042	6000	5.85	14.21	15.73
HDK	e	é	477.642	0.240	605	2454	3067	6000	5.82	14.27	15.79
HDK	e	é	484.948	0.220	580	2352	3208	6000	5.62	13.98	16.10
HDK	e	é	486.390	0.247	570	2603	3082	6000	5.54	14.67	15.82
HDK	e	é	524.151	0.181	665	2318	3123	6000	6.28	13.88	15.91
HDK	e	é	525.434	0.169	628	2277	3202	6000	6.00	13.77	16.08
HDK	e	é	560.091	0.166	685	2365	3039	6000	6.43	14.02	15.73
HDK	e	é	561.391	0.169	641	2276	3010	6000	6.10	13.76	15.66
HDK	e	éˤ	66.442	0.240	540	2411	3047	5500	5.30	14.15	15.74
HDK	e	éˤ	67.742	0.267	571	2274	3040	5500	5.55	13.76	15.73
HDK	e	éˤ	70.895	0.247	583	2420	3063	5500	5.65	14.18	15.78
HDK	e	éˤ	72.060	0.260	545	2439	3165	5500	5.34	14.23	16.00
HDK	e	éˤ	75.469	0.227	685	2025	3040	5500	6.43	12.98	15.73
HDK	e	éˤ	76.613	0.204	700	2152	3034	5500	6.54	13.38	15.72
HDK	e	éˤ	79.127	0.269	653	2045	3023	5500	6.19	13.04	15.69
HDK	e	éˤ	80.351	0.237	660	2099	3067	5500	6.25	13.22	15.79
HDK	e	éːˤ	99.694	0.319	604	2284	2881	5500	5.81	13.76	15.34
HDK	e	éːˤ	100.743	0.351	542	2416	3096	5500	5.31	14.16	15.85
HDK	e	éːˤ	107.936	0.305	530	2572	3096	5500	5.21	14.59	15.85
HDK	e	éːˤ	109.892	0.291	498	2527	3172	5500	4.94	14.47	16.02
HDK	e	éˤ	401.988	0.267	655	2159	2905	5500	6.21	13.40	15.42
HDK	e	éˤ	403.503	0.229	603	2242	2906	5500	5.80	13.66	15.42
HDK	e	éˤ	538.899	0.167	621	1947	3119	5500	5.94	12.72	15.89
HDK	e	éˤ	540.074	0.239	652	2133	3076	5500	6.18	13.32	15.80
HDK	e	éˤ	542.671	0.302	642	1992	3181	5500	6.10	12.87	16.04
HDK	e	éˤ	544.014	0.369	654	2089	3199	5500	6.19	13.18	16.08
HDK	e	éˤ	698.255	0.272	600	2048	2815	5500	5.78	13.05	15.20
HDK	e	éˤ	699.725	0.229	618	2104	2879	5500	5.92	13.23	15.35
HDK	a	a	34.589	0.128	788	1923	3382	6000	7.16	12.64	16.46
HDK	a	a	35.884	0.140	841	1846	3272	6000	7.52	12.37	16.22
HDK	a	á	58.835	0.124	863	2016	3344	6000	7.66	12.95	16.38
HDK	a	á	60.173	0.135	834	1945	3221	6000	7.47	12.71	16.12
HDK	a	á	115.895	0.238	998	1784	3100	6000	8.50	12.14	15.86
HDK	a	á	116.851	0.250	970	1717	3255	6000	8.34	11.89	16.20
HDK	a	á	120.107	0.189	977	1816	3105	6000	8.38	12.26	15.87
HDK	a	á	121.370	0.192	947	1805	3095	6000	8.19	12.22	15.85
HDK	a	á	124.532	0.212	1013	1815	3139	6000	8.59	12.25	15.95
HDK	a	á	125.817	0.271	970	1797	3202	6000	8.33	12.19	16.08
HDK	a	á	131.537	0.202	918	1732	3102	6000	8.01	11.95	15.87
HDK	a	á	132.650	0.219	882	1639	3061	6000	7.79	11.59	15.78
HDK	a	a	145.802	0.156	826	1922	3205	6000	7.42	12.63	16.09
HDK	a	a	146.803	0.130	826	1902	3229	6000	7.42	12.56	16.14
HDK	a	á	170.036	0.199	1024	1784	3203	6000	8.65	12.14	16.09
HDK	a	á	171.579	0.165	1030	1687	3133	6000	8.68	11.77	15.94
HDK	a	áː	175.247	0.242	962	1825	3194	6000	8.28	12.29	16.07
HDK	a	áː	176.677	0.269	994	1826	3148	6000	8.48	12.29	15.97
HDK	a	áː	186.006	0.313	998	1891	3247	6000	8.50	12.53	16.18
HDK	a	a	186.413	0.130	855	1831	3112	6000	7.61	12.31	15.89
HDK	a	áː	187.382	0.278	983	1783	3134	6000	8.41	12.14	15.94
HDK	a	a	187.750	0.135	874	1792	3124	6000	7.74	12.17	15.92
HDK	a	á	192.918	0.170	1113	1786	3155	6000	9.15	12.15	15.98
HDK	a	á	194.071	0.207	960	1837	3211	6000	8.26	12.33	16.10
HDK	a	a	196.868	0.152	989	1683	3171	6000	8.44	11.76	16.02
HDK	a	áː	197.284	0.216	889	1780	3107	6000	7.83	12.13	15.88
HDK	a	a	198.508	0.120	886	1773	3140	6000	7.80	12.10	15.95
HDK	a	áː	198.876	0.214	805	1771	3064	6000	7.28	12.09	15.78
HDK	a	á	243.593	0.205	1072	1818	3236	6000	8.92	12.26	16.16
HDK	a	á	244.967	0.218	1041	1812	3159	6000	8.75	12.24	15.99
HDK	a	a	266.827	0.145	964	1880	3350	6000	8.29	12.49	16.39
HDK	a	a	267.993	0.144	968	1816	3321	6000	8.32	12.26	16.34
HDK	a	á	305.022	0.286	971	1800	3163	6000	8.34	12.20	16.00
HDK	a	á	306.339	0.281	959	1855	3110	6000	8.27	12.40	15.88
HDK	a	á	317.905	0.133	986	1995	3200	6000	8.42	12.88	16.08
HDK	a	á	319.480	0.114	954	1960	3172	6000	8.23	12.76	16.02
HDK	a	á	323.082	0.118	887	1956	3246	6000	7.79	12.75	16.18
HDK	a	á	324.734	0.092	884	1908	3162	6000	7.80	12.59	16.00
HDK	a	a	351.579	0.188	1016	1917	3102	6000	8.59	12.61	15.87
HDK	a	a	352.943	0.171	894	1840	3099	6000	7.86	12.34	15.86
HDK	a	á	365.698	0.161	1099	1949	3187	6000	9.07	12.72	16.05
HDK	a	á	367.209	0.141	1070	1887	3198	6000	8.91	12.51	16.08
HDK	a	á	390.135	0.234	1037	1762	2954	6000	8.73	12.06	15.53
HDK	a	á	391.002	0.213	974	1770	2891	6000	8.36	12.09	15.39
HDK	a	á	395.742	0.298	1001	1744	2899	6000	8.52	11.99	15.40
HDK	a	á	397.603	0.285	937	1673	2925	6000	8.13	11.72	15.46
HDK	a	á	450.465	0.275	1165	1822	3388	6000	9.42	12.28	16.47
HDK	a	á	451.863	0.266	1023	1793	3326	6000	8.64	12.17	16.34
HDK	a	a	459.852	0.158	978	1774	2747	6000	8.38	12.10	15.00
HDK	a	a	461.281	0.190	939	1820	3182	6000	8.14	12.27	16.04
HDK	a	a	469.696	0.155	793	1938	3321	6000	7.20	12.69	16.33
HDK	a	á	469.996	0.184	1178	1862	3327	6000	9.49	12.42	16.35
HDK	a	a	471.364	0.107	707	1914	3302	6000	6.58	12.60	16.30
HDK	a	á	471.614	0.204	1073	1920	3386	6000	8.93	12.62	16.47
HDK	a	á	492.539	0.266	1090	1932	3228	6000	9.03	12.67	16.14
HDK	a	á	564.536	0.163	999	1841	3149	6000	8.50	12.35	15.97
HDK	a	á	565.590	0.192	909	1817	3126	6000	7.96	12.26	15.92
HDK	a	á	568.248	0.132	886	2006	3201	6000	7.81	12.92	16.08
HDK	a	á	570.231	0.203	1151	1858	3208	6000	9.35	12.41	16.10
HDK	a	a	570.523	0.136	942	1883	3280	6000	8.16	12.50	16.25
HDK	a	á	571.200	0.266	1093	1856	3260	6000	9.04	12.40	16.21
HDK	a	a	571.557	0.146	833	1843	3269	6000	7.47	12.35	16.23
HDK	a	á	574.455	0.280	1049	1865	3204	6000	8.80	12.43	16.09
HDK	a	á	575.639	0.246	1060	1806	3195	6000	8.86	12.22	16.07
HDK	a	á	578.897	0.266	1048	1629	3319	6000	8.79	11.54	16.33
HDK	a	á	580.147	0.257	1128	1633	3266	6000	9.23	11.56	16.22
HDK	a	ã́	582.536	0.191	1054	1743	3590	6000	8.82	11.99	16.87
HDK	a	á	583.796	0.256	1151	1679	3346	6000	9.35	11.74	16.39
HDK	a	á	586.361	0.245	952	1736	3140	6000	8.22	11.96	15.95
HDK	a	á	587.609	0.227	1009	1803	3145	6000	8.56	12.21	15.96
HDK	a	á	591.310	0.220	966	1739	3272	6000	8.31	11.97	16.23
HDK	a	á	592.617	0.210	985	1744	3123	6000	8.42	11.99	15.91
HDK	a	áː	607.047	0.300	1078	1906	3267	6000	8.95	12.58	16.22
HDK	a	à	607.684	0.172	784	1820	3275	6000	7.14	12.27	16.24
HDK	a	áː	608.722	0.260	981	1781	3162	6000	8.40	12.13	16.00
HDK	a	à	609.293	0.161	809	1751	3268	6000	7.31	12.02	16.22
HDK	a	á	639.429	0.253	1060	1880	3187	6000	8.86	12.49	16.05
HDK	a	á	640.525	0.196	915	1767	3149	6000	7.99	12.08	15.97
HDK	a	á	666.679	0.187	994	1815	2937	6000	8.48	12.26	15.49
HDK	a	áˤ	154.616	0.280	973	1755	2867	6000	8.35	12.03	15.33
HDK	a	áˤ	155.647	0.233	925	1800	2847	6000	8.06	12.20	15.28
HDK	a	ã́ˤ	160.278	0.247	1106	1666	2985	6000	9.11	11.69	15.60
HDK	a	áˤ	161.581	0.242	1088	1703	2986	6000	9.01	11.84	15.60
HDK	a	áːˤ	203.291	0.322	1064	1869	2816	6000	8.88	12.45	15.20
HDK	a	áːˤ	204.549	0.335	967	1769	2946	6000	8.32	12.09	15.51
HDK	a	áːˤ	208.718	0.406	1082	1875	3011	6000	8.98	12.47	15.66
HDK	a	áːˤ	210.086	0.338	996	1776	3084	6000	8.49	12.11	15.83
HDK	a	áˤ	440.136	0.208	878	1890	3064	6000	7.76	12.52	15.78
HDK	a	áˤ	441.469	0.340	920	1853	2953	6000	8.03	12.39	15.53
HDK	a	áːˤ	529.367	0.399	1021	1822	2509	6000	8.63	12.28	14.42
HDK	a	áːˤ	530.641	0.346	1027	1855	2730	6000	8.66	12.40	14.99
HDK	a	áːˤ	533.042	0.323	1071	1816	2633	6000	8.92	12.26	14.75
HDK	a	áːˤ	534.532	0.345	996	1717	2866	6000	8.49	11.89	15.32
HDK	a	áˤ	612.931	0.221	1007	1763	2549	6000	8.55	12.06	14.53
HDK	a	áˤ	614.182	0.209	993	1711	2540	6000	8.47	11.87	14.50
HDK	a	áːˤ	631.162	0.260	927	1786	2698	6000	8.07	12.15	14.90
HDK	a	áːˤ	632.430	0.240	898	1846	2931	6000	7.89	12.36	15.47
HDK	a	áˤ	648.063	0.247	907	1755	3015	6000	7.95	12.03	15.67
HDK	a	áˤ	649.481	0.229	906	1861	2889	6000	7.94	12.42	15.38
HDK	a	áˤ	665.360	0.228	1016	1831	2545	6000	8.60	12.30	14.50
HDK	o	ó	214.368	0.236	571	1150	3072	5300	5.55	9.35	15.80
HDK	o	ó	215.539	0.194	616	1020	3036	5300	5.90	8.63	15.71
HDK	o	ó	218.071	0.141	579	1157	2924	5300	5.62	9.38	15.46
HDK	o	ó	219.243	0.140	659	1237	2996	5300	6.24	9.79	15.63
HDK	o	ó	228.713	0.289	629	1239	3100	5300	6.01	9.81	15.86
HDK	o	ó	230.108	0.253	585	1153	3142	5300	5.66	9.36	15.95
HDK	o	o	244.043	0.154	555	1104	2963	5300	5.42	9.09	15.55
HDK	o	o	245.402	0.130	583	1115	2983	5300	5.64	9.16	15.58
HDK	o	óː	270.460	0.319	573	1092	3189	5300	5.56	9.03	16.06
HDK	o	óː	271.699	0.376	552	1086	3239	5300	5.39	9.00	16.16
HDK	o	ó	273.115	0.089	557	1260	3310	5300	5.44	9.91	16.31
HDK	o	óː	273.444	0.385	540	1071	3216	5300	5.29	8.91	16.11
HDK	o	óː	276.711	0.521	550	1098	3250	5300	5.38	9.07	16.19
HDK	o	óː	278.126	0.428	579	1005	3201	5300	5.61	8.54	16.08
HDK	o	óː	281.638	0.247	614	1025	3193	5300	5.89	8.65	16.06
HDK	o	óː	282.874	0.249	544	1052	3367	5300	5.32	8.81	16.43
HDK	o	óː	318.372	0.320	563	1092	3268	5300	5.49	9.03	16.22
HDK	o	óː	319.938	0.356	555	1027	3274	5300	5.42	8.67	16.24
HDK	o	ó	341.622	0.225	567	1166	3091	5300	5.51	9.43	15.84
HDK	o	ó	342.858	0.271	566	1154	3086	5300	5.51	9.37	15.83
HDK	o	ó	345.603	0.273	558	1114	3054	5300	5.44	9.16	15.75
HDK	o	ó	346.698	0.278	545	1050	3184	5300	5.34	8.80	16.05
HDK	o	ó	394.935	0.216	626	1257	3051	5300	5.98	9.89	15.75
HDK	o	ó	396.854	0.195	552	1191	3041	5300	5.40	9.55	15.73
HDK	o	ò	422.287	0.173	634	1186	3150	5300	6.04	9.53	15.97
HDK	o	ò	423.683	0.150	568	1172	3109	5300	5.52	9.46	15.88
HDK	o	o	455.332	0.196	723	1160	3229	5300	6.69	9.39	16.13
HDK	o	o	456.744	0.155	761	1205	3159	5300	6.98	9.62	15.98
HDK	o	ò	533.484	0.100	595	1178	3007	5300	5.74	9.49	15.65
HDK	o	o	639.908	0.160	717	1189	3063	5300	6.66	9.53	15.73
HDK	o	o	640.969	0.128	667	1212	3055	5300	6.29	9.65	15.68
HDK	o	ó	643.510	0.258	560	1032	2359	5300	5.46	8.70	14.00
HDK	o	ó	644.856	0.251	646	1000	2283	5300	6.14	8.51	13.78
HDK	o	o	656.622	0.105	643	1265	2835	5300	6.11	9.92	15.25
HDK	o	o	657.818	0.087	730	1383	2997	5300	6.76	10.48	15.63
HDK	o	ò	714.646	0.145	553	1105	2793	5300	5.41	9.10	15.15
HDK	o	ò	716.189	0.153	545	1119	2896	5300	5.34	9.18	15.39
HDK	o	óːˤ	222.795	0.332	574	1140	1984	4500	5.57	9.30	12.84
HDK	o	óˤ	247.725	0.258	562	1109	2058	4500	5.47	9.13	13.09
HDK	o	óˤ	248.969	0.263	628	1035	1987	4500	6.00	8.71	12.84
HDK	o	oˤ	262.561	0.141	613	1018	2074	4500	5.88	8.62	13.12
HDK	o	óˤ	262.790	0.236	572	1133	1986	4500	5.56	9.26	12.82
HDK	o	oˤ	263.470	0.151	592	1040	2154	4500	5.72	8.74	13.35
HDK	o	óˤ	263.691	0.243	556	1107	1945	4500	5.42	9.12	12.70
HDK	o	óːˤ	285.596	0.355	550	987	1985	4500	5.38	8.43	12.84
HDK	o	óːˤ	286.744	0.348	484	965	1964	4500	4.82	8.31	12.77
HDK	o	óˤ	356.731	0.197	583	1155	2174	4500	5.65	9.37	13.45
HDK	o	óˤ	357.862	0.230	563	1121	2257	4500	5.48	9.19	13.70
HDK	o	óˤ	360.626	0.264	575	1119	1976	4500	5.58	9.18	12.81
HDK	o	óˤ	361.822	0.282	596	1091	1993	4500	5.75	9.03	12.87
HDK	o	óˤ	370.899	0.166	589	1197	1986	4500	5.69	9.59	12.85
HDK	o	óˤ	372.010	0.150	570	1152	2208	4500	5.54	9.36	13.56
HDK	o	òˤ	446.172	0.201	614	1131	2105	4500	5.89	9.24	13.22
HDK	o	òˤ	447.630	0.173	642	1215	2029	4500	6.10	9.69	12.99
HDK	o	oˤ	485.468	0.158	704	1271	2148	4500	6.56	9.96	13.36
HDK	o	oˤ	486.914	0.178	707	1242	2301	4500	6.60	9.82	13.82
HDK	o	òˤ	534.948	0.091	511	1078	1880	4500	5.05	8.96	12.48
HDK	o	oˤ	648.432	0.133	716	1222	2064	4500	6.66	9.71	13.09
HDK	o	oˤ	649.811	0.132	619	1177	2035	4500	5.93	9.48	12.99
HDK	o	óˤ	652.192	0.217	623	1041	2129	4500	5.95	8.75	13.31
HDK	o	óˤ	653.349	0.228	553	1021	1978	4500	5.40	8.63	12.82
HDK	o	óˤ	656.842	0.211	689	1173	2052	4500	6.46	9.47	13.06
HDK	o	óˤ	658.043	0.185	682	1167	2090	4500	6.41	9.44	13.17
HDK	o	oˤ	660.918	0.125	594	1203	1995	4500	5.73	9.62	12.88
HDK	o	óˤ	661.132	0.198	555	1148	1949	4500	5.42	9.34	12.72
HDK	o	oˤ	662.007	0.107	648	1224	1935	4500	6.15	9.73	12.67
HDK	o	óˤ	662.193	0.235	542	1132	1941	4500	5.31	9.25	12.70
HDK	o	oˤ	673.285	0.127	678	1189	1932	4500	6.38	9.55	12.67
HDK	o	óˤ	673.501	0.255	609	1203	1867	4500	5.85	9.62	12.44
HDK	o	óˤ	682.811	0.179	616	1215	2095	4500	5.91	9.68	13.21
HDK	o	óˤ	684.137	0.154	626	1112	1946	4500	5.98	9.14	12.71
HDK	u	ú	20.310	0.184	378	773	2909	5500	3.86	6.98	15.38
HDK	u	ú	21.449	0.177	436	747	2459	5500	4.39	6.88	14.28
HDK	u	u	49.439	0.086	508	1078	2701	5500	5.02	8.95	14.91
HDK	u	u	50.648	0.096	535	1219	2780	5500	5.25	9.67	15.09
HDK	u	u	83.821	0.075	483	1191	3217	5500	4.82	9.56	16.12
HDK	u	u	84.062	0.116	460	1149	3146	5500	4.61	9.34	15.96
HDK	u	u	85.201	0.054	462	1215	3299	5500	4.63	9.69	16.29
HDK	u	u	85.429	0.113	440	1108	3102	5500	4.44	9.12	15.87
HDK	u	u	89.322	0.226	396	986	3138	5500	4.04	8.43	15.95
HDK	u	u	89.820	0.115	452	1194	3080	5500	4.54	9.58	15.82
HDK	u	u	90.507	0.207	467	766	3020	5500	4.67	7.02	15.68
HDK	u	u	90.972	0.140	436	1044	3066	5500	4.40	8.76	15.79
HDK	u	u	93.690	0.213	490	880	3129	5500	4.87	7.77	15.93
HDK	u	u	94.411	0.105	486	1117	2902	5500	4.84	9.16	15.39
HDK	u	u	95.389	0.198	489	778	3019	5500	4.85	7.10	15.66
HDK	u	u	96.046	0.111	485	1077	2759	5500	4.83	8.94	15.03
HDK	u	u	100.138	0.148	532	1014	2767	5500	5.23	8.58	15.08
HDK	u	u	108.329	0.061	519	1353	3160	5500	5.12	10.36	15.99
HDK	u	u	110.294	0.078	491	1162	2673	5500	4.89	9.41	14.85
HDK	u	u	165.459	0.097	497	1168	3186	5500	4.94	9.38	16.05
HDK	u	u	165.718	0.109	464	1221	3107	5500	4.65	9.69	15.88
HDK	u	u	166.939	0.062	487	1378	3265	5500	4.85	10.44	16.22
HDK	u	u	167.171	0.122	472	1550	3136	5500	4.72	11.20	15.94
HDK	u	u	170.779	0.103	466	1231	3072	5500	4.67	9.76	15.80
HDK	u	u	172.252	0.110	451	1324	3113	5500	4.54	10.22	15.89
HDK	u	u	175.750	0.050	532	1711	3168	5500	5.23	11.87	16.01
HDK	u	u	177.321	0.094	457	1316	3081	5500	4.59	10.16	15.82
HDK	u	ú	182.077	0.173	386	968	3219	5500	3.94	8.32	16.11
HDK	u	u	182.331	0.105	452	964	3198	5500	4.55	8.29	16.08
HDK	u	ú	191.558	0.171	430	964	3169	5500	4.34	8.29	16.01
HDK	u	u	192.067	0.166	610	1504	2979	5500	5.84	11.01	15.59
HDK	u	u	193.486	0.122	461	1134	3057	5500	4.63	9.25	15.77
HDK	u	u	194.648	0.134	630	1217	3132	5500	5.98	9.68	15.93
HDK	u	u	197.601	0.095	519	1489	3077	5500	5.12	10.97	15.81
HDK	u	u	199.195	0.070	454	1125	3009	5500	4.56	9.21	15.66
HDK	u	u	204.975	0.120	465	1069	3044	5500	4.66	8.90	15.74
HDK	u	u	209.232	0.130	504	1033	3073	5500	5.00	8.69	15.80
HDK	u	u	210.531	0.143	488	958	2967	5500	4.85	8.26	15.55
HDK	u	u	277.337	0.077	489	1106	3141	5500	4.87	9.10	15.95
HDK	u	u	278.661	0.061	474	1171	3184	5500	4.73	9.46	16.05
HDK	u	u	281.993	0.112	546	1126	2973	5500	5.34	9.21	15.51
HDK	u	u	283.230	0.138	632	1152	3162	5500	6.00	9.31	15.98
HDK	u	u	286.050	0.105	447	1086	3286	5500	4.50	9.00	16.26
HDK	u	u	287.183	0.073	491	1205	3153	5500	4.88	9.63	15.98
HDK	u	ú	289.166	0.225	369	851	3032	5500	3.79	7.59	15.71
HDK	u	ú	290.421	0.247	378	918	2887	5500	3.86	8.01	15.37
HDK	u	úː	296.831	0.273	445	835	3058	5500	4.46	7.39	15.76
HDK	u	úː	298.065	0.286	432	908	3063	5500	4.36	7.94	15.78
HDK	u	u	301.062	0.131	407	1433	3152	5500	4.14	10.71	15.98
HDK	u	ú	301.385	0.270	525	1073	3032	5500	5.17	8.93	15.71
HDK	u	u	302.273	0.129	440	1206	3194	5500	4.43	9.64	16.07
HDK	u	ú	302.603	0.289	497	1043	3178	5500	4.93	8.76	16.03
HDK	u	u	305.493	0.148	520	995	3040	5500	5.11	8.48	15.71
HDK	u	u	306.777	0.178	479	1016	3106	5500	4.78	8.61	15.88
HDK	u	úː	313.171	0.341	377	1002	2783	5500	3.86	8.50	15.06
HDK	u	úː	314.242	0.325	553	1114	2801	5500	5.40	9.08	15.14
HDK	u	u	318.799	0.169	574	1248	3157	5500	5.56	9.83	15.96
HDK	u	u	320.381	0.150	511	1205	3129	5500	5.05	9.61	15.92
HDK	u	úː	323.484	0.391	540	757	2907	5500	5.30	6.83	15.40
HDK	u	u	323.965	0.151	501	1118	2904	5500	4.96	9.16	15.39
HDK	u	úː	325.155	0.322	537	893	3036	5500	5.27	7.86	15.71
HDK	u	u	325.579	0.135	504	1181	3226	5500	4.98	9.49	16.14
HDK	u	u	335.400	0.104	467	994	2799	5500	4.68	8.47	15.15
HDK	u	ù	336.028	0.186	541	1037	2586	5500	5.30	8.71	14.62
HDK	u	u	336.761	0.099	470	1042	2600	5500	4.70	8.75	14.66
HDK	u	ù	337.374	0.205	553	956	2482	5500	5.40	8.22	14.35
HDK	u	ú	351.055	0.198	470	840	2861	5500	4.69	7.45	15.27
HDK	u	ú	352.398	0.217	537	873	2522	5500	5.27	7.67	14.45
HDK	u	u	366.062	0.120	482	1167	3017	5500	4.80	9.42	15.68
HDK	u	u	367.542	0.143	494	1122	2901	5500	4.91	9.20	15.41
HDK	u	u	371.313	0.115	461	1139	3151	5500	4.62	9.29	15.97
HDK	u	u	372.400	0.124	459	1127	3153	5500	4.60	9.22	15.98
HDK	u	ṹ	379.062	0.281	428	1008	2848	5500	4.33	8.56	15.26
HDK	u	ṹ	380.228	0.205	496	1467	3243	5500	4.92	10.82	16.17
HDK	u	u	430.481	0.134	479	1355	3324	5500	4.78	10.36	16.34
HDK	u	u	431.716	0.123	474	1332	3284	5500	4.73	10.25	16.26
HDK	u	u	435.551	0.072	517	1435	3090	5500	5.10	10.69	15.84
HDK	u	u	436.865	0.074	504	1764	3088	5500	5.00	12.02	15.84
HDK	u	u	470.364	0.136	601	1189	3098	5500	5.79	9.53	15.86
HDK	u	u	471.950	0.126	621	1236	3092	5500	5.95	9.77	15.85
HDK	u	u	524.722	0.139	595	1372	3090	5500	5.73	10.34	15.84
HDK	u	u	525.952	0.108	502	1104	3066	5500	4.95	9.10	15.79
HDK	u	u	564.385	0.152	502	1117	3134	5500	4.97	8.28	15.88
HDK	u	u	564.933	0.083	495	1333	3033	5500	4.91	10.23	15.71
HDK	u	u	565.460	0.131	550	1088	3156	5500	5.38	8.67	15.98
HDK	u	u	565.992	0.130	537	1234	3080	5500	5.24	9.76	15.82
HDK	u	u	568.610	0.147	480	1169	3005	5500	4.78	9.44	15.64
HDK	u	u	613.213	0.127	795	1136	2526	5500	7.19	9.27	14.46
HDK	u	u	614.475	0.115	515	1107	2410	5500	5.08	9.11	14.13
HDK	u	u	665.934	0.130	484	1035	2935	5500	4.82	8.71	15.49
HDK	u	u	667.225	0.161	472	1034	2822	5500	4.72	8.71	15.22
HDK	u	u	688.801	0.096	411	1318	2974	5500	4.17	10.16	15.58
HDK	u	u	690.200	0.093	418	1331	3027	5500	4.24	10.24	15.70
HDK	u	u	698.755	0.106	467	941	2581	5500	4.67	8.16	14.59
HDK	u	u	700.188	0.105	489	1040	2638	5500	4.86	8.74	14.73
HDK	u	ú	702.796	0.273	509	805	3443	5500	5.03	7.28	16.57
HDK	u	u	703.285	0.055	463	1256	2937	5500	4.64	9.89	15.49
HDK	u	ú	704.356	0.237	538	831	3575	5500	5.28	7.45	16.84
HDK	u	u	704.857	0.133	418	925	2983	5500	4.24	8.06	15.60
HDK	u	uˤ	101.233	0.091	510	1137	2297	4500	5.04	9.27	13.80
HDK	u	uˤ	203.697	0.126	500	1044	2061	4500	4.95	8.76	13.08
HDK	u	uˤ	293.111	0.155	531	737	2055	4500	5.21	6.77	13.08
HDK	u	uˤ	294.042	0.179	531	997	2251	4500	5.21	8.49	13.67
HDK	u	úˤ	308.958	0.258	558	767	2161	4500	5.43	7.00	13.41
HDK	u	úˤ	310.216	0.234	554	923	1760	4500	5.41	8.03	11.84
HDK	u	uˤ	328.448	0.156	495	761	1898	4500	4.91	6.95	12.55
HDK	u	úˤ	328.696	0.167	530	1085	2193	4500	5.21	9.00	13.51
HDK	u	uˤ	329.803	0.143	542	1005	1925	4500	5.31	8.53	12.58
HDK	u	úˤ	330.022	0.174	518	1006	2176	4500	5.11	8.55	13.45
HDK	u	úˤ	335.581	0.179	505	985	2126	4500	5.00	8.42	13.19
HDK	u	úˤ	336.949	0.131	543	1113	2228	4500	5.32	9.15	13.61
HDK	u	uˤ	445.999	0.104	607	823	1859	4500	5.84	7.37	12.41
HDK	u	uˤ	447.457	0.096	570	1160	1897	4500	5.54	9.40	12.54
HDK	u	uˤ	708.258	0.138	512	842	1880	4500	5.05	7.53	12.48
HDK	u	úˤ	708.456	0.208	548	1053	1906	4500	5.36	8.81	12.55
HDK	u	uˤ	709.558	0.141	518	822	2048	4500	5.11	7.39	13.05
HDK	u	úˤ	709.804	0.146	476	997	1954	4500	4.75	8.49	12.74
HDK	u	úˤ	714.025	0.209	464	768	2022	4500	4.64	7.02	12.95
HDK	u	uˤ	714.393	0.107	540	1084	1994	4500	5.30	8.99	12.86
HDK	u	úˤ	715.574	0.213	491	747	1979	4500	4.88	6.86	12.82
HDK	u	uˤ	715.946	0.094	515	1001	2073	4500	5.09	8.52	13.13
HDK	ə	ə	170.525	0.065	689	1767	3241	5500	6.46	12.08	16.17
HDK	ə	ə	172.016	0.072	633	1696	3244	5500	6.04	11.80	16.17
HDK	ə	ə	217.744	0.098	545	1548	2940	5500	5.34	11.19	15.50
HDK	ə	ə	223.199	0.054	570	1538	3669	5500	5.54	11.18	17.02
HDK	ə	ə́	271.378	0.078	609	1644	3294	5500	5.85	11.61	16.28
HDK	ə	ə	318.199	0.045	711	1531	2817	5500	6.63	11.15	15.21
HDK	ə	ə	319.767	0.054	634	1385	3091	5500	6.05	10.51	15.84
HDK	ə	ə	323.308	0.048	590	1149	2916	5500	5.70	9.34	15.44
HDK	ə	ə	324.967	0.058	550	1164	3211	5500	5.38	9.41	16.10
HDK	ə	ə	341.379	0.123	591	1425	3016	5500	5.71	10.67	15.67
HDK	ə	ə	342.648	0.096	554	1537	2886	5500	5.41	11.12	15.37
HDK	ə	ə̆	351.428	0.064	607	2033	2924	5500	5.83	13.01	15.39
HDK	ə	ə̆	352.783	0.052	689	1863	3252	5500	6.46	12.43	16.19
HDK	ə	ə	367.030	0.075	667	1825	2941	5500	6.30	12.29	15.50
HDK	ə	ə	402.402	0.096	561	1149	1985	5500	5.46	9.34	12.84
HDK	ə	ə	403.897	0.063	974	1792	2782	5500	8.36	12.17	15.10
HDK	ə	ə	607.458	0.060	626	1694	2428	5500	5.99	11.80	14.19
HDK	ə	ə	609.092	0.057	520	1610	3091	5500	5.13	11.47	15.82
HDK	ə	əˤ	360.266	0.091	913	1330	3075	5500	7.98	10.25	15.78
HDK	ə	əˤ	361.490	0.090	826	1378	2930	5500	7.42	10.47	15.46
HDK	ə	əˤ	370.741	0.088	742	1219	2906	5500	6.85	9.70	15.42
HDK	ə	əˤ	371.808	0.101	719	1206	3049	5500	6.68	9.64	15.75
HDK	ə	əˤ	631.479	0.066	643	1892	3142	5500	6.12	12.53	15.95
HDK	ə	əˤ	632.725	0.069	601	1779	3265	5500	5.79	12.12	16.22
HDK	ɪ	ɪ	14.433	0.124	513	2568	3228	6300	5.07	14.58	16.14
HDK	ɪ	ɪ	175.590	0.057	544	2298	3127	6300	5.33	13.83	15.92
HDK	ɪ	ɪ	309.398	0.110	549	2336	3251	6300	5.37	13.94	16.19
HDK	ɪ	ɪ	310.643	0.093	546	2312	3234	6300	5.35	13.87	16.15
HDK	ɪ	ɪ	421.851	0.092	594	2202	3298	6300	5.74	13.54	16.29
HDK	ɪ	ɪ	423.243	0.126	580	2423	3390	6300	5.62	14.18	16.48
HDK	ɐ	ɐ	139.364	0.055	657	1523	3041	5000	6.22	11.11	15.73
HDK	ɐ	ɐ	365.495	0.109	754	1994	2772	5000	6.92	12.87	15.09
JSP	i	í	4.620	0.236	360	2318	2925	5000	3.70	13.88	15.46
JSP	i	í	5.449	0.179	360	2344	3041	5000	3.70	13.96	15.72
JSP	i	í	8.696	0.293	412	2363	3002	5000	4.17	14.01	15.64
JSP	i	í	9.758	0.205	372	2128	2669	5000	3.80	13.31	14.84
JSP	i	í	14.081	0.270	369	2234	2538	5000	3.78	13.64	14.49
JSP	i	í	14.858	0.209	341	2194	2657	5000	3.52	13.51	14.81
JSP	i	i	18.282	0.178	358	2121	2434	5000	3.69	13.29	14.21
JSP	i	i	18.932	0.126	308	2047	2394	5000	3.20	13.05	14.10
JSP	i	íː	29.540	0.178	364	2077	2500	5000	3.74	13.15	14.37
JSP	i	íː	31.405	0.183	345	2075	2649	5000	3.55	13.14	14.74
JSP	i	íː	37.907	0.176	398	2270	2856	5000	4.06	13.74	15.29
JSP	i	íː	39.485	0.136	336	2260	2748	5000	3.47	13.72	15.03
JSP	i	íː	42.116	0.208	355	2269	3072	5000	3.66	13.69	15.76
JSP	i	íː	42.919	0.141	360	2354	2861	5000	3.70	13.99	15.30
JSP	i	i	66.488	0.154	401	2200	2772	5000	4.08	13.53	15.10
JSP	i	i	70.004	0.104	416	2095	2704	5000	4.22	13.21	14.93
JSP	i	íː	79.999	0.156	366	2161	2675	5000	3.76	13.41	14.86
JSP	i	íː	81.399	0.141	355	2106	2615	5000	3.65	13.24	14.70
JSP	i	i	87.651	0.137	321	2007	2537	5000	3.33	12.92	14.49
JSP	i	i	88.202	0.099	288	1978	2571	5000	3.01	12.82	14.59
JSP	i	i	97.079	0.184	379	2202	2664	5000	3.88	13.54	14.83
JSP	i	i	98.158	0.113	308	1991	2526	5000	3.21	12.87	14.47
JSP	i	í	165.007	0.144	366	2041	2697	5000	3.76	13.03	14.91
JSP	i	i	165.266	0.121	300	1891	2469	5000	3.12	12.52	14.31
JSP	i	í	165.596	0.134	297	1914	2464	5000	3.09	12.60	14.29
JSP	i	i	165.855	0.105	293	1946	2529	5000	3.06	12.72	14.47
JSP	i	í	167.246	0.153	356	2025	2216	5000	3.67	12.97	13.58
JSP	i	i	167.450	0.077	344	1891	2396	5000	3.55	12.53	14.11
JSP	i	í	167.699	0.137	332	2066	2439	5000	3.43	13.11	14.23
JSP	i	i	167.899	0.084	317	1934	2508	5000	3.29	12.67	14.42
JSP	i	í	185.334	0.127	323	2141	2631	5000	3.35	13.35	14.74
JSP	i	í	185.798	0.119	269	2042	2689	5000	2.81	13.04	14.89
JSP	i	í	202.090	0.220	362	2213	2793	5000	3.72	13.57	15.15
JSP	i	í	203.252	0.173	320	2221	2858	5000	3.32	13.60	15.30
JSP	i	i	337.115	0.228	413	2059	2500	5000	4.19	13.08	14.39
JSP	i	i	337.894	0.228	323	2126	2468	5000	3.35	13.30	14.29
JSP	i	í	368.089	0.113	397	1982	2763	5000	4.05	12.84	15.07
JSP	i	í	375.876	0.121	405	2219	2628	5000	4.12	13.59	14.73
JSP	i	í	376.405	0.124	340	1888	2520	5000	3.52	12.51	14.45
JSP	i	i	376.612	0.185	420	2105	2791	5000	4.26	13.23	15.13
JSP	i	í	380.860	0.185	432	2172	2502	5000	4.37	13.45	14.40
JSP	i	i	418.129	0.177	395	1998	2517	5000	4.02	12.89	14.44
JSP	i	i	419.180	0.181	361	1974	2509	5000	3.71	12.81	14.42
JSP	i	i	422.434	0.074	353	1955	2375	5000	3.63	12.74	14.05
JSP	i	í	455.258	0.250	394	2189	2769	5000	4.02	13.50	15.09
JSP	i	í	456.145	0.321	304	2103	2886	5000	3.16	13.23	15.34
JSP	i	i	483.134	0.241	419	2199	2730	5000	4.25	13.53	14.98
JSP	i	ĩ	484.297	0.361	306	1901	2610	5000	3.18	12.55	14.67
JSP	i	i	488.540	0.176	374	1963	2392	5000	3.83	12.77	14.10
JSP	i	i	489.212	0.151	333	1775	2252	5000	3.44	12.10	13.69
JSP	i	i	542.721	0.151	335	1981	2551	5000	3.46	12.83	14.50
JSP	i	i	543.374	0.108	282	2058	2836	5000	2.95	13.09	15.25
JSP	i	i	564.620	0.196	438	2260	2676	5000	4.42	13.71	14.86
JSP	i	i	565.602	0.240	356	2171	2610	5000	3.67	13.45	14.69
JSP	i	i	621.836	0.276	338	2004	2631	5000	3.49	12.91	14.74
JSP	i	i	649.752	0.090	424	2108	2579	5000	4.29	13.25	14.61
JSP	i	i	688.401	0.145	403	2005	2573	5000	4.10	12.91	14.59
JSP	i	i	689.343	0.121	350	1862	2444	5000	3.60	12.42	14.24
JSP	i	í	697.531	0.169	392	1965	2647	5000	4.00	12.78	14.78
JSP	i	í	699.251	0.093	382	1917	2580	5000	3.90	12.61	14.61
JSP	i	í	707.390	0.329	343	2221	2745	5000	3.54	13.60	15.03
JSP	i	í	708.272	0.232	336	2167	2601	5000	3.47	13.43	14.66
JSP	i	í	718.101	0.361	384	2327	2762	5000	3.92	13.91	15.07
JSP	i	í	718.775	0.244	327	2319	2838	5000	3.39	13.89	15.26
JSP	i	í	728.018	0.147	362	2168	2570	5000	3.72	13.44	14.58
JSP	i	í	728.554	0.137	347	2170	2682	5000	3.58	13.44	14.87
JSP	i	ĩ́	735.435	0.171	415	2113	2797	5000	4.20	13.22	15.14
JSP	i	í	736.579	0.170	323	1865	2881	5000	3.35	12.19	15.26
JSP	i	í	756.200	0.214	453	2142	2479	5000	4.55	13.35	14.32
JSP	i	i	756.630	0.131	330	2111	2521	5000	3.42	13.26	14.45
JSP	i	í	757.109	0.200	430	1938	2505	5000	4.34	12.69	14.40
JSP	i	i	757.472	0.139	307	2055	2560	5000	3.19	13.08	14.56
JSP	i	í	765.761	0.311	318	2065	2763	5000	3.30	13.11	15.07
JSP	i	í	766.327	0.266	330	2136	2749	5000	3.41	13.34	15.04
JSP	i	íː	773.433	0.268	349	2106	2761	5000	3.60	13.24	15.07
JSP	i	íː	774.042	0.188	286	2036	2595	5000	2.99	13.01	14.65
JSP	i	i	812.675	0.214	416	2015	2573	5000	4.22	12.95	14.59
JSP	i	i	813.567	0.201	359	2013	2546	5000	3.69	12.94	14.52
JSP	i	i	826.778	0.179	393	1956	2472	5000	4.01	12.74	14.32
JSP	i	í	869.574	0.081	377	2056	2483	5000	3.86	13.08	14.35
JSP	i	í	870.231	0.081	403	1844	2193	5000	4.11	12.35	13.51
JSP	i	í	903.834	0.096	430	2109	2594	5000	4.35	13.25	14.65
JSP	i	ĩ́ː	1011.916	0.299	466	2251	3096	5000	4.66	13.69	15.85
JSP	i	i	1012.325	0.178	380	2064	2647	5000	3.89	13.11	14.78
JSP	i	ĩ́ː	1012.617	0.276	364	2238	2852	5000	3.74	13.65	15.29
JSP	i	i	1012.980	0.110	319	1936	2496	5000	3.31	12.68	14.39
JSP	i	i	1017.474	0.154	405	2132	2660	5000	4.12	13.32	14.80
JSP	i	i	1018.338	0.094	316	2000	2630	5000	3.28	12.90	14.74
JSP	i	i	1025.030	0.092	412	2044	2495	5000	4.18	13.04	14.37
JSP	i	i	1025.668	0.120	319	2050	2476	5000	3.31	13.06	14.33
JSP	i	i	1075.025	0.179	419	2169	2803	5000	4.24	13.44	15.17
JSP	i	i	1076.087	0.079	411	1839	2421	5000	4.17	12.34	14.18
JSP	i	i	1109.743	0.087	353	2075	2739	5000	3.63	13.14	15.02
JSP	i	i	1110.553	0.117	333	2054	2532	5000	3.45	13.08	14.48
JSP	i	i	1125.937	0.224	361	2052	2547	5000	3.71	13.07	14.52
JSP	i	i	1126.869	0.192	373	1903	2416	5000	3.82	12.57	14.16
JSP	i	i	1141.059	0.181	439	2108	2549	5000	4.42	13.25	14.51
JSP	i	i	1141.819	0.106	414	1874	2488	5000	4.20	12.44	14.36
JSP	i	i	1168.057	0.078	360	2053	2562	5000	3.70	13.07	14.56
JSP	i	i	1168.626	0.103	396	1911	2484	5000	4.04	12.58	14.35
JSP	i	i	1215.826	0.142	384	2118	2639	5000	3.93	13.28	14.76
JSP	i	i	1216.491	0.109	348	1816	2498	5000	3.59	12.25	14.39
JSP	i	i	1222.149	0.125	386	2012	2374	5000	3.94	12.93	14.05
JSP	i	i	1222.654	0.102	344	1951	2423	5000	3.55	12.73	14.18
JSP	i	íˤ	24.769	0.156	354	2078	2953	6000	3.65	13.15	15.53
JSP	i	íˤ	25.615	0.152	344	1988	3103	6000	3.54	12.86	15.87
JSP	i	iˤ	797.433	0.251	395	1910	3168	6000	3.55	12.50	15.95
JSP	i	iˤ	798.265	0.208	277	1814	3407	6000	2.90	12.25	16.51
JSP	i	íˤ	802.442	0.278	400	2050	3044	6000	4.07	13.06	15.71
JSP	i	íˤ	803.982	0.218	319	2079	3320	6000	3.30	13.15	16.33
JSP	i	iˤ	1137.777	0.208	388	2246	2920	6000	3.96	13.67	15.45
JSP	i	iˤ	1138.427	0.166	407	2099	3150	6000	4.14	13.22	15.96
JSP	e	e	29.867	0.134	451	1752	2253	5100	4.54	12.02	13.69
JSP	e	e	31.757	0.117	501	1752	2433	5100	4.97	12.02	14.20
JSP	e	é	87.287	0.149	441	1844	2447	5100	4.44	12.36	14.25
JSP	e	é	87.883	0.131	464	1849	2348	5100	4.65	12.38	13.97
JSP	e	é	91.632	0.198	478	1842	2364	5100	4.77	12.35	14.02
JSP	e	é	92.615	0.144	430	1831	2327	5100	4.34	12.31	13.91
JSP	e	é	96.298	0.202	460	1921	2733	5100	4.61	12.63	14.99
JSP	e	e	96.693	0.179	444	1826	2496	5100	4.47	12.29	14.38
JSP	e	é	97.470	0.142	472	1814	2497	5100	4.72	12.25	14.39
JSP	e	e	97.799	0.170	445	1811	2337	5100	4.48	12.24	13.94
JSP	e	éː	106.442	0.298	464	1853	2479	5100	4.64	12.39	14.34
JSP	e	é	107.431	0.231	447	1845	2371	5100	4.49	12.36	14.04
JSP	e	éː	116.693	0.276	474	1816	2480	5100	4.73	12.26	14.34
JSP	e	éː	117.830	0.206	463	1812	2371	5100	4.64	12.24	14.03
JSP	e	é	127.585	0.122	435	1604	2265	5100	4.39	11.42	13.72
JSP	e	é	128.980	0.132	474	1707	2165	5100	4.74	11.85	13.42
JSP	e	e	436.526	0.179	469	1694	2318	5100	4.69	11.80	13.88
JSP	e	e	437.240	0.131	460	1614	2262	5100	4.62	11.48	13.72
JSP	e	e	498.455	0.126	425	1844	2490	5100	4.30	12.36	14.36
JSP	e	é	498.779	0.326	481	1803	2638	5100	4.79	12.21	14.75
JSP	e	e	499.317	0.130	396	1808	2455	5100	4.03	12.23	14.27
JSP	e	é	499.616	0.373	435	1796	2609	5100	4.39	12.18	14.68
JSP	e	é	616.767	0.217	507	1765	2263	5100	5.02	12.07	13.72
JSP	e	é	617.630	0.233	492	1698	2357	5100	4.89	11.82	14.00
JSP	e	e	645.029	0.094	420	1623	2465	5100	4.25	11.52	14.30
JSP	e	é	645.192	0.196	487	1747	2310	5100	4.85	12.00	13.86
JSP	e	é	646.000	0.156	479	1648	2375	5100	4.78	11.62	14.05
JSP	e	e	771.454	0.101	462	1605	2381	5100	4.63	11.45	14.07
JSP	e	e	772.385	0.068	410	1527	2215	5100	4.17	11.13	13.58
JSP	e	éː	807.584	0.236	493	1814	2515	5100	4.90	12.25	14.44
JSP	e	éː	808.469	0.168	465	1834	2460	5100	4.65	12.32	14.29
JSP	e	é	817.088	0.248	501	1678	2365	5100	4.97	11.74	14.02
JSP	e	é	817.787	0.217	489	1679	2349	5100	4.87	11.71	13.97
JSP	e	é	831.000	0.263	435	1849	2605	5100	4.39	12.37	14.66
JSP	e	e	831.858	0.164	457	1787	2396	5100	4.58	12.15	14.11
JSP	e	é	877.120	0.116	544	1690	2366	5100	5.32	11.78	14.02
JSP	e	é	937.375	0.226	456	1815	2493	5100	4.57	12.25	14.36
JSP	e	é	1016.833	0.108	578	1665	2271	5100	5.61	11.68	13.74
JSP	e	é	1017.784	0.095	500	1664	2187	5100	4.96	11.68	13.49
JSP	e	é	1024.719	0.213	468	1697	2162	5100	4.68	11.81	13.40
JSP	e	é	1025.406	0.148	441	1852	2199	5100	4.44	12.38	13.52
JSP	e	é	1074.588	0.087	545	1858	2418	5100	5.33	12.41	14.17
JSP	e	e	1074.871	0.086	373	1825	2507	5100	3.82	12.29	14.41
JSP	e	é	1075.715	0.083	423	1879	2496	5100	4.28	12.48	14.39
JSP	e	e	1075.969	0.063	365	1818	2445	5100	3.75	12.27	14.25
JSP	e	é	1215.388	0.222	494	1779	2468	5100	4.91	12.12	14.31
JSP	e	éˤ	102.525	0.262	454	1693	2782	5950	4.56	11.80	15.12
JSP	e	éˤ	103.351	0.181	447	1776	2909	5950	4.49	12.11	15.43
JSP	e	éˤ	110.450	0.214	490	1780	2814	5950	4.87	12.12	15.20
JSP	e	éˤ	111.332	0.112	464	1809	2812	5950	4.64	12.23	15.20
JSP	e	éːˤ	136.266	0.386	570	1728	2189	5950	5.54	11.92	13.48
JSP	e	éːˤ	137.036	0.347	502	1909	2476	5950	4.98	12.58	14.30
JSP	e	éːˤ	138.072	0.269	529	1781	2391	5950	5.20	12.13	14.06
JSP	e	éːˤ	138.600	0.257	478	1625	2684	5950	4.77	11.53	14.87
JSP	e	eˤ	616.615	0.094	452	1866	2873	5950	4.54	12.42	15.34
JSP	e	éˤ	696.820	0.167	497	1819	2832	5950	4.93	12.27	15.24
JSP	e	éˤ	698.635	0.175	490	1809	2840	5950	4.87	12.23	15.26
JSP	e	éˤ	845.272	0.241	506	1858	2649	5950	5.01	12.41	14.77
JSP	e	éˤ	846.005	0.237	472	1846	2741	5950	4.72	12.36	15.01
JSP	e	éˤ	851.247	0.218	494	1964	2557	5950	4.90	12.77	14.54
JSP	e	éˤ	851.787	0.197	512	1817	2372	5950	5.06	12.26	14.02
JSP	e	éˤ	853.584	0.231	513	1894	2418	5950	5.07	12.54	14.17
JSP	e	éˤ	854.331	0.230	461	1941	2681	5950	4.62	12.70	14.87
JSP	e	éˤ	914.477	0.178	524	1850	2571	5950	5.16	12.37	14.59
JSP	e	éˤ	917.026	0.239	488	1660	2836	5950	4.86	11.66	15.25
JSP	e	éˤ	926.548	0.263	470	1690	2761	5950	4.70	11.78	15.06
JSP	e	éˤ	927.504	0.216	499	1705	2917	5950	4.95	11.84	15.44
JSP	e	eˤ	937.088	0.189	549	1763	3148	5950	5.21	12.02	15.95
JSP	e	eˤ	942.814	0.107	500	1707	3021	5950	4.96	11.85	15.67
JSP	e	éˤ	942.988	0.127	493	1994	2930	5950	4.90	12.85	15.45
JSP	e	éˤ	994.061	0.216	563	1820	2779	5950	5.48	12.27	15.08
JSP	e	éˤ	994.848	0.259	493	1839	2785	5950	4.90	12.34	15.11
JSP	e	éˤ	1008.251	0.383	525	1693	2377	5950	5.17	11.80	14.03
JSP	e	éˤ	1008.992	0.291	472	1809	2944	5950	4.72	12.23	15.51
JSP	e	éˤ	1216.102	0.191	489	1784	2351	5950	4.87	12.14	13.97
JSP	a	a	38.220	0.105	524	1493	2572	5500	5.15	10.98	14.58
JSP	a	a	39.788	0.106	563	1473	2330	5500	5.48	10.89	13.91
JSP	a	a	42.520	0.180	584	1450	2589	5500	5.66	10.80	14.63
JSP	a	a	43.249	0.103	553	1454	2380	5500	5.40	10.81	14.06
JSP	a	á	146.540	0.290	654	1342	2656	5500	6.20	10.30	14.81
JSP	a	á	147.337	0.221	659	1377	2715	5500	6.24	10.42	14.95
JSP	a	á	150.269	0.234	667	1424	2600	5500	6.29	10.68	14.66
JSP	a	á	151.172	0.226	674	1434	2505	5500	6.35	10.72	14.41
JSP	a	a	155.816	0.102	620	1232	2479	5500	5.94	9.77	14.34
JSP	a	á	155.999	0.274	642	1422	2642	5500	6.11	10.67	14.76
JSP	a	a	156.539	0.116	569	1147	2537	5500	5.53	9.33	14.49
JSP	a	á	156.715	0.282	662	1266	2512	5500	6.26	9.94	14.43
JSP	a	a	185.613	0.099	554	1460	2381	5500	5.41	10.83	14.07
JSP	a	a	186.074	0.101	557	1543	2389	5500	5.43	11.19	14.09
JSP	a	á	234.724	0.224	694	1256	2702	5500	6.50	9.88	14.92
JSP	a	a	235.106	0.116	558	1410	2484	5500	5.44	10.61	14.34
JSP	a	á	235.758	0.222	642	1274	2658	5500	6.11	9.98	14.81
JSP	a	a	236.091	0.092	578	1406	2618	5500	5.60	10.59	14.70
JSP	a	áː	248.618	0.252	671	1451	2688	5500	6.33	10.80	14.88
JSP	a	a	248.955	0.107	600	1517	2261	5500	5.78	11.08	13.72
JSP	a	áː	249.870	0.160	661	1350	2796	5500	6.25	10.34	15.16
JSP	a	a	250.104	0.103	580	1468	2200	5500	5.62	10.87	13.53
JSP	a	áː	252.429	0.005	692	1206	2602	5500	6.48	9.64	14.67
JSP	a	áː	282.835	0.203	759	1504	2702	5500	6.97	11.03	14.91
JSP	a	a	283.137	0.156	646	1515	2745	5500	6.14	11.07	15.03
JSP	a	áː	289.621	0.236	745	1392	2660	5500	6.86	10.54	14.82
JSP	a	a	289.962	0.093	638	1533	2588	5500	6.07	11.14	14.63
JSP	a	á	290.267	0.136	707	1282	2544	5500	6.60	10.02	14.52
JSP	a	a	290.464	0.116	634	1539	2507	5500	6.04	11.17	14.41
JSP	a	a	296.557	0.124	605	1609	2740	5500	5.82	11.47	15.01
JSP	a	a	297.170	0.100	606	1538	2474	5500	5.83	11.17	14.31
JSP	a	áː	299.833	0.444	722	1510	2614	5500	6.70	11.05	14.69
JSP	a	a	300.470	0.160	653	1499	2582	5500	6.19	11.01	14.61
JSP	a	áː	301.228	0.456	706	1419	2706	5500	6.58	10.65	14.93
JSP	a	a	301.808	0.153	682	1473	2428	5500	6.41	10.89	14.20
JSP	a	áː	303.624	0.397	711	1441	2611	5500	6.62	10.76	14.69
JSP	a	a	304.140	0.147	675	1498	2627	5500	6.36	11.00	14.73
JSP	a	áː	304.877	0.294	708	1415	2698	5500	6.60	10.64	14.91
JSP	a	a	305.267	0.155	735	1454	2607	5500	6.80	10.81	14.68
JSP	a	a	323.956	0.152	651	1342	2765	5500	6.18	10.30	15.08
JSP	a	áː	324.302	0.216	572	1382	2399	5500	5.56	10.49	14.12
JSP	a	a	324.821	0.134	628	1415	2556	5500	6.00	10.64	14.53
JSP	a	áː	325.123	0.219	606	1404	2560	5500	5.83	10.59	14.55
JSP	a	á	395.666	0.233	684	1406	2584	5500	6.42	10.59	14.60
JSP	a	á	396.411	0.185	622	1440	2470	5500	5.95	10.75	14.31
JSP	a	á	477.734	0.252	614	1428	2509	5500	5.89	10.70	14.42
JSP	a	á	478.688	0.200	596	1444	2485	5500	5.75	10.76	14.35
JSP	a	á	515.782	0.121	655	1630	2668	5500	6.20	11.54	14.84
JSP	a	a	556.283	0.127	579	1498	2376	5500	5.61	11.00	14.05
JSP	a	a	556.929	0.221	575	1308	2465	5500	5.58	10.14	14.30
JSP	a	á	564.195	0.193	673	1444	2454	5500	6.34	10.77	14.27
JSP	a	á	565.147	0.187	658	1377	2395	5500	6.23	10.47	14.11
JSP	a	á	590.513	0.187	700	1331	2601	5500	6.54	10.25	14.66
JSP	a	á	591.263	0.164	605	1341	2283	5500	5.81	10.29	13.78
JSP	a	á	593.523	0.225	641	1459	2402	5500	6.09	10.83	14.12
JSP	a	á	594.949	0.197	614	1390	2367	5500	5.89	10.53	14.02
JSP	a	á	621.382	0.192	680	1412	2476	5500	6.40	10.62	14.33
JSP	a	á	624.581	0.180	660	1371	2455	5500	6.25	10.44	14.27
JSP	a	á	627.161	0.124	699	1360	2385	5500	6.53	10.38	14.08
JSP	a	á	649.347	0.190	705	1441	2473	5500	6.58	10.75	14.32
JSP	a	á	665.958	0.199	677	1410	2432	5500	6.37	10.61	14.21
JSP	a	á	688.031	0.150	657	1476	2474	5500	6.22	10.91	14.33
JSP	a	á	689.110	0.088	609	1354	2292	5500	5.85	10.34	13.81
JSP	a	a	728.343	0.125	566	1523	2434	5500	5.51	11.10	14.21
JSP	a	a	728.845	0.191	584	1461	2373	5500	5.65	10.84	14.04
JSP	a	a	770.956	0.140	701	1366	2624	5500	6.55	10.42	14.72
JSP	a	á	771.191	0.105	721	1325	2542	5500	6.69	10.22	14.51
JSP	a	a	771.954	0.053	703	1445	2417	5500	6.57	10.77	14.17
JSP	a	á	772.126	0.121	656	1349	2561	5500	6.21	10.34	14.56
JSP	a	á	779.225	0.110	676	1397	2513	5500	6.36	10.56	14.43
JSP	a	á	780.101	0.061	633	1385	2364	5500	6.04	10.50	14.02
JSP	a	a	808.009	0.119	540	1272	2555	5500	5.29	9.96	14.54
JSP	a	á	812.278	0.213	587	1282	2855	5500	5.67	10.02	15.30
JSP	a	á	813.180	0.179	588	1306	2849	5500	5.68	10.13	15.28
JSP	a	á	826.368	0.215	606	1287	2810	5500	5.82	10.04	15.19
JSP	a	a	831.484	0.155	660	1306	2620	5500	6.24	10.13	14.71
JSP	a	á	832.183	0.151	627	1223	2365	5500	5.99	9.72	14.02
JSP	a	á	833.580	0.123	598	1587	2502	5500	5.77	11.37	14.40
JSP	a	á	834.286	0.114	565	1542	2498	5500	5.50	11.19	14.39
JSP	a	a	869.253	0.080	668	1432	2556	5500	6.31	10.71	14.54
JSP	a	a	869.910	0.080	629	1228	2443	5500	6.01	9.75	14.24
JSP	a	a	903.545	0.096	588	1377	2393	5500	5.69	10.46	14.10
JSP	a	á	909.550	0.176	671	1286	2518	5500	6.32	10.03	14.44
JSP	a	á	910.198	0.174	639	1350	2477	5500	6.08	10.34	14.33
JSP	a	a	932.886	0.072	679	1160	2586	5500	6.39	9.39	14.62
JSP	a	á	933.021	0.161	667	1473	2608	5500	6.29	10.90	14.68
JSP	a	a	933.544	0.071	659	1221	2544	5500	6.24	9.71	14.51
JSP	a	á	933.670	0.160	615	1482	2537	5500	5.90	10.93	14.49
JSP	a	a	970.714	0.051	636	1447	2507	5500	6.06	10.78	14.42
JSP	a	á	970.838	0.116	621	1630	2512	5500	5.95	11.55	14.43
JSP	a	a	971.630	0.075	683	1391	2554	5500	6.42	10.53	14.54
JSP	a	á	971.778	0.124	601	1593	2485	5500	5.79	11.40	14.36
JSP	a	a	999.652	0.071	635	1436	2653	5500	6.05	10.73	14.80
JSP	a	á	999.828	0.087	683	1450	2600	5500	6.41	10.80	14.66
JSP	a	á	1034.610	0.340	647	1546	2726	5500	6.13	11.12	14.95
JSP	a	a	1034.950	0.113	617	1419	2421	5500	5.91	10.66	14.18
JSP	a	á	1035.910	0.273	643	1380	2718	5500	6.12	10.47	14.96
JSP	a	a	1036.183	0.106	590	1532	2634	5500	5.70	11.15	14.75
JSP	a	á	1038.920	0.266	657	1471	2713	5500	6.22	10.88	14.95
JSP	a	á	1039.725	0.266	680	1448	2587	5500	6.39	10.79	14.62
JSP	a	á	1044.416	0.243	624	1333	2741	5500	5.97	10.26	15.02
JSP	a	á	1045.203	0.212	650	1327	2727	5500	6.16	10.23	14.99
JSP	a	ã́	1047.955	0.344	599	1319	2863	5500	5.77	10.19	15.32
JSP	a	ã́	1048.734	0.318	588	1298	2803	5500	5.69	10.09	15.18
JSP	a	á	1051.564	0.179	657	1296	2640	5500	6.22	10.08	14.77
JSP	a	á	1052.595	0.183	688	1289	2612	5500	6.45	10.05	14.69
JSP	a	a	1074.163	0.163	680	1397	2721	5500	6.40	10.56	14.97
JSP	a	á	1074.401	0.131	634	1567	2445	5500	6.05	11.29	14.25
JSP	a	a	1075.316	0.172	634	1564	2694	5500	6.02	11.23	14.89
JSP	a	á	1075.557	0.115	596	1539	2530	5500	5.75	11.18	14.48
JSP	a	àː	1080.653	0.312	683	1367	2634	5500	6.41	10.42	14.75
JSP	a	á	1081.293	0.187	630	1497	2474	5500	6.02	11.00	14.33
JSP	a	àː	1081.898	0.304	678	1357	2648	5500	6.38	10.37	14.78
JSP	a	á	1082.479	0.170	584	1425	2482	5500	5.65	10.68	14.35
JSP	a	àː	1089.910	0.422	715	1522	2665	5500	6.65	11.09	14.83
JSP	a	á	1091.040	0.188	666	1492	2526	5500	6.29	10.97	14.47
JSP	a	á	1108.960	0.167	747	1407	2577	5500	6.88	10.60	14.60
JSP	a	á	1109.419	0.143	676	1426	2491	5500	6.37	10.69	14.37
JSP	a	á	1109.836	0.160	649	1398	2429	5500	6.16	10.56	14.20
JSP	a	á	1110.239	0.165	604	1498	2341	5500	5.81	11.00	13.95
JSP	a	a	1130.293	0.148	670	1521	2657	5500	6.31	11.10	14.81
JSP	a	a	1133.733	0.136	666	1441	2601	5500	6.29	10.75	14.66
JSP	a	a	1134.641	0.107	643	1389	2354	5500	6.11	10.52	13.99
JSP	a	á	1167.622	0.190	670	1382	2324	5500	6.32	10.49	13.89
JSP	a	á	1168.250	0.145	633	1602	2204	5500	6.04	11.43	13.55
JSP	a	áːˤ	191.682	0.432	631	1495	2468	5350	6.03	10.99	14.30
JSP	a	áˤ	193.710	0.239	647	1432	2474	5350	6.15	10.71	14.32
JSP	a	ã́ˤ	230.584	0.268	585	1453	2750	5350	5.66	10.80	15.04
JSP	a	ã́ˤ̆	231.401	0.177	585	1436	2633	5350	5.66	10.73	14.74
JSP	a	áːˤ	296.180	0.254	658	1507	2403	5350	6.23	11.04	14.11
JSP	a	áːˤ	296.877	0.177	657	1641	2246	5350	6.22	11.58	13.66
JSP	a	áːˤ	332.907	0.296	661	1523	2393	5350	6.25	11.10	14.09
JSP	a	áːˤ	333.667	0.260	632	1579	2550	5350	6.03	11.34	14.53
JSP	a	áˤ	797.772	0.291	652	1453	2203	5350	6.18	10.80	13.54
JSP	a	áˤ	798.539	0.434	687	1427	2403	5350	6.45	10.69	14.08
JSP	a	áʲˤ	869.413	0.081	627	1594	2540	5350	5.99	11.40	14.50
JSP	a	áʲˤ	870.070	0.081	521	1509	2348	5350	5.13	11.05	13.97
JSP	a	áʲˤ	903.686	0.092	606	1589	2472	5350	5.82	11.38	14.32
JSP	a	áˤ	988.110	0.159	712	1614	2414	5350	6.63	11.48	14.13
JSP	a	áˤ	989.659	0.163	665	1465	2467	5350	6.28	10.85	14.27
JSP	a	áˤ	1121.071	0.303	658	1709	2479	5350	6.21	11.83	14.28
JSP	a	áˤ	1121.638	0.224	649	1361	2138	5350	6.16	10.38	13.33
JSP	a	áːˤ	1125.344	0.321	674	1417	2361	5350	6.35	10.65	14.01
JSP	a	áːˤ	1126.363	0.262	684	1441	2519	5350	6.43	10.75	14.44
JSP	a	áːˤ	1129.958	0.282	667	1413	2368	5350	6.29	10.63	14.02
JSP	a	áːˤ	1130.561	0.231	655	1570	2561	5350	6.20	11.29	14.55
JSP	a	aˤ	1130.831	0.084	570	1421	2497	5350	5.54	10.67	14.38
JSP	a	áˤ	1140.539	0.217	625	1474	2203	5350	5.97	10.89	13.54
JSP	o	ó 	37.553	0.098	471	1019	2283	4450	4.71	8.58	13.78
JSP	o	ó	39.140	0.098	432	905	2095	4450	4.37	7.91	13.21
JSP	o	ó	65.908	0.266	465	797	2414	4450	4.65	7.22	14.16
JSP	o	ó	69.513	0.171	455	765	2398	4450	4.56	7.01	14.11
JSP	o	oː	127.197	0.231	474	1144	2374	4450	4.71	8.91	14.04
JSP	o	o	128.666	0.178	396	740	2217	4450	4.04	6.83	13.59
JSP	o	ó	336.877	0.238	441	669	2281	4450	4.44	6.31	13.77
JSP	o	ó	337.622	0.272	457	806	2243	4450	4.59	7.28	13.66
JSP	o	ó	355.456	0.264	470	859	2304	4450	4.70	7.58	13.84
JSP	o	ó	356.626	0.204	464	902	2235	4450	4.65	7.90	13.64
JSP	o	ó	364.653	0.252	495	881	2344	4450	4.91	7.75	13.96
JSP	o	ó	365.302	0.211	448	942	2202	4450	4.50	8.09	13.54
JSP	o	ó	369.633	0.144	558	958	2315	4450	5.44	8.25	13.86
JSP	o	o	396.035	0.147	526	913	2056	4450	5.18	7.99	13.04
JSP	o	o	396.737	0.103	439	868	2217	4450	4.43	7.69	13.58
JSP	o	óː	417.523	0.337	470	760	2225	4450	4.70	6.97	13.60
JSP	o	óː	418.605	0.306	440	816	2214	4450	4.44	7.36	13.57
JSP	o	óː	420.245	0.215	432	667	2186	4450	4.36	6.30	13.49
JSP	o	óː	421.799	0.251	437	765	2220	4450	4.41	7.01	13.60
JSP	o	óː	436.843	0.198	528	989	2375	4450	5.19	8.42	14.05
JSP	o	óː	437.504	0.194	471	833	2350	4450	4.71	7.46	13.98
JSP	o	ó	542.936	0.135	471	1001	2119	4450	4.71	8.51	13.26
JSP	o	ó	543.554	0.118	481	1040	2312	4450	4.80	8.74	13.86
JSP	o	ó	546.819	0.176	514	965	2317	4450	5.08	8.28	13.88
JSP	o	ó	547.553	0.176	491	1091	2288	4450	4.88	9.03	13.80
JSP	o	ó	550.851	0.253	452	781	2337	4450	4.54	7.12	13.94
JSP	o	ó	551.567	0.270	416	793	2313	4450	4.22	7.19	13.87
JSP	o	ó	572.483	0.251	492	933	2145	4450	4.89	8.10	13.36
JSP	o	ó	573.256	0.226	476	882	2249	4450	4.76	7.78	13.68
JSP	o	ó	597.012	0.146	503	1014	2191	4450	4.99	8.59	13.50
JSP	o	ó	687.466	0.153	515	974	2404	4450	5.09	8.35	14.13
JSP	o	ó	688.666	0.118	507	1168	2183	4450	5.02	9.44	13.48
JSP	o	ó	696.490	0.164	540	973	2373	4450	5.30	8.35	14.04
JSP	o	ó	698.332	0.139	530	879	2316	4450	5.21	7.77	13.88
JSP	o	ó	779.601	0.106	527	1124	2051	4450	5.18	9.20	13.06
JSP	o	ó	780.401	0.069	506	1243	2078	4450	5.01	9.82	13.15
JSP	o	ó	803.564	0.132	555	1097	2219	4450	5.42	9.05	13.57
JSP	o	o	817.530	0.117	589	966	2411	4450	5.69	8.26	14.05
JSP	o	o	818.188	0.143	479	758	2447	4450	4.78	6.95	14.25
JSP	o	ó	903.167	0.154	470	835	2531	4450	4.70	7.47	14.48
JSP	o	o	914.758	0.106	526	1253	2220	4450	5.18	9.87	13.59
JSP	o	o	917.406	0.117	512	1193	2100	4450	5.06	9.56	13.22
JSP	o	ó	1134.126	0.154	554	1245	2451	4450	5.41	9.83	14.25
JSP	o	ó	1134.981	0.134	469	1206	2365	4450	4.70	9.63	14.02
JSP	o	ó	1137.364	0.202	481	951	2389	4450	4.80	8.21	14.09
JSP	o	ó	1138.028	0.214	451	884	2308	4450	4.53	7.80	13.85
JSP	o	ó	1144.951	0.178	518	1124	2020	4450	5.11	9.21	12.96
JSP	o	ó	1145.772	0.161	458	1087	1897	4450	4.59	9.00	12.55
JSP	o	o	1149.231	0.097	483	1167	2401	4450	4.82	9.44	14.12
JSP	o	ó	1149.472	0.184	555	1103	2094	4450	5.42	9.09	13.20
JSP	o	o	1150.064	0.106	450	1291	2284	4450	4.53	10.05	13.78
JSP	o	ó	1150.304	0.200	490	997	2026	4450	4.88	8.48	12.98
JSP	o	óːˤ	342.323	0.307	509	843	2012	4250	5.03	7.53	12.92
JSP	o	óːˤ	346.904	0.210	542	778	2364	4250	5.31	7.10	13.98
JSP	o	óˤ	404.439	0.220	496	903	1865	4250	4.92	7.91	12.43
JSP	o	óˤ	405.194	0.185	465	947	1810	4250	4.65	8.18	12.23
JSP	o	óˤ	412.470	0.334	523	1014	1773	4250	5.15	8.59	12.10
JSP	o	óˤ	413.386	0.344	503	919	1628	4250	4.98	8.02	11.53
JSP	o	óːˤ	439.947	0.288	510	851	1867	4250	5.04	7.58	12.44
JSP	o	óːˤ	440.959	0.282	467	843	2065	4250	4.68	7.54	13.11
JSP	o	óˤ	568.799	0.274	498	960	1898	4250	4.94	8.27	12.54
JSP	o	óˤ	569.623	0.255	500	844	1865	4250	4.96	7.54	12.43
JSP	o	oˤ	596.870	0.105	491	1052	1889	4250	4.89	8.81	12.52
JSP	o	óˤ	598.475	0.148	542	1128	2134	4250	5.31	9.23	13.33
JSP	o	óˤ	599.050	0.156	473	1063	2239	4250	4.73	8.87	13.65
JSP	o	oˤ	802.782	0.686	671	1464	2452	4250	6.05	10.57	14.13
JSP	o	oˤ	804.270	0.119	445	1151	1754	4250	4.48	9.35	12.03
JSP	o	oˤ	804.447	0.156	482	1019	2032	4250	4.81	8.62	13.00
JSP	o	oˤ	833.983	0.124	525	1113	2060	4250	5.17	9.14	13.09
JSP	o	oˤ	834.651	0.156	471	931	1852	4250	4.71	8.09	12.37
JSP	o	oˤ	988.329	0.171	528	919	1912	4250	5.19	8.02	12.50
JSP	o	oˤ	989.863	0.163	506	1055	1986	4250	5.01	8.83	12.85
JSP	o	oˤ	1140.854	0.131	490	1093	1981	4250	4.88	9.04	12.83
JSP	o	oˤ	1141.606	0.139	496	1113	1871	4250	4.92	9.15	12.46
JSP	o	oˤ	1153.234	0.105	420	1287	2196	4250	4.25	10.03	13.52
JSP	o	óˤ	1153.499	0.171	560	912	2085	4250	5.46	7.92	13.16
JSP	o	oˤ	1153.954	0.075	469	1369	2194	4250	4.69	10.43	13.52
JSP	o	óˤ	1154.137	0.200	523	1046	1827	4250	5.15	8.78	12.29
JSP	o	oˤ	1160.415	0.197	535	1174	2091	4250	5.21	9.38	13.18
JSP	o	óˤ	1160.659	0.183	534	1049	1859	4250	5.25	8.79	12.41
JSP	o	oˤ	1161.125	0.172	477	1199	2145	4250	4.75	9.56	13.34
JSP	o	óˤ	1161.337	0.197	452	824	1853	4250	4.54	7.41	12.38
JSP	o	oˤ	1176.581	0.130	512	1065	1991	4250	5.06	8.88	12.87
JSP	o	óˤ	1176.772	0.201	494	984	1694	4250	4.91	8.42	11.72
JSP	o	oˤ	1190.581	0.169	520	947	1818	4250	5.13	8.19	12.26
JSP	o	óˤ	1190.809	0.191	552	1046	1806	4250	5.39	8.78	12.22
JSP	o	oˤ	1191.027	0.089	488	1034	1818	4250	4.86	8.71	12.26
JSP	o	óˤ	1191.167	0.197	494	944	1858	4250	4.91	8.17	12.41
JSP	o	óˤ	1197.388	0.170	496	970	1854	4250	4.92	8.32	12.39
JSP	o	óˤ	1198.326	0.171	502	1034	1857	4250	4.98	8.71	12.40
JSP	u	ú	17.811	0.175	385	842	2013	4800	3.92	7.51	12.92
JSP	u	ú	18.533	0.144	336	857	2340	4800	3.47	7.63	13.95
JSP	u	u	91.900	0.147	412	1162	2220	4800	4.18	9.41	13.59
JSP	u	u	92.825	0.120	432	1143	2139	4800	4.36	9.24	13.34
JSP	u	u	117.039	0.122	411	1106	2387	4800	4.17	9.07	14.08
JSP	u	u	117.309	0.122	399	1369	2394	4800	4.06	10.43	14.09
JSP	u	u	118.123	0.113	400	1280	2096	4800	4.07	9.99	13.21
JSP	u	u	118.379	0.097	332	1182	2200	4800	3.43	9.51	13.53
JSP	u	u	127.819	0.090	384	1425	2091	4800	3.92	10.68	13.19
JSP	u	u	129.239	0.097	390	1321	2165	4800	3.98	10.20	13.41
JSP	u	u	136.767	0.167	428	867	2318	4800	4.33	7.67	13.89
JSP	u	u	137.494	0.135	363	1263	2122	4800	3.73	9.91	13.29
JSP	u	u 	138.449	0.080	375	855	2210	4800	3.84	7.61	13.56
JSP	u	u	138.981	0.112	363	907	2143	4800	3.73	7.94	13.34
JSP	u	u	235.309	0.106	398	1343	2293	4800	4.05	10.31	13.80
JSP	u	u	236.307	0.124	376	1075	2078	4800	3.85	8.93	13.15
JSP	u	u	324.630	0.073	470	1035	2170	4800	4.70	8.72	13.44
JSP	u	u	325.451	0.058	523	1097	2004	4800	5.15	9.06	12.91
JSP	u	u	333.293	0.103	415	1019	2376	4800	4.21	8.62	14.05
JSP	u	u	342.717	0.120	368	1233	2318	4800	3.78	9.77	13.88
JSP	u	u	347.175	0.077	383	1270	2437	4800	3.91	9.96	14.22
JSP	u	u	367.849	0.104	356	1031	2257	4800	3.66	8.69	13.70
JSP	u	u	376.096	0.055	401	1632	2008	4800	4.09	11.56	12.92
JSP	u	u	376.196	0.066	364	983	2153	4800	3.74	8.41	13.39
JSP	u	u	417.972	0.104	424	928	2009	4800	4.30	8.07	12.91
JSP	u	u	419.027	0.083	409	922	1812	4800	4.16	8.02	12.24
JSP	u	u	420.548	0.075	424	933	1823	4800	4.29	8.10	12.28
JSP	u	u	422.180	0.086	437	1068	1984	4800	4.41	8.88	12.80
JSP	u	ṵ	437.121	0.095	390	1141	2280	4800	3.98	9.29	13.77
JSP	u	u	437.755	0.076	459	1479	2515	4800	4.60	10.84	14.42
JSP	u	u	440.332	0.142	415	1037	2347	4800	4.21	8.72	13.97
JSP	u	u	441.345	0.142	356	1051	2182	4800	3.66	8.80	13.48
JSP	u	ú	447.165	0.268	433	820	2172	4800	4.35	7.21	13.41
JSP	u	ú	449.216	0.256	340	697	2192	4800	3.51	6.52	13.51
JSP	u	u	454.944	0.168	474	1036	2255	4800	4.73	8.61	13.68
JSP	u	u	455.940	0.134	348	674	2123	4800	3.59	6.34	13.29
JSP	u	ú	468.797	0.134	368	728	2139	4800	3.78	6.74	13.34
JSP	u	ú	470.075	0.144	316	746	2058	4800	3.28	6.87	13.09
JSP	u	u	473.723	0.087	365	1047	2017	4800	3.75	8.78	12.95
JSP	u	ú	473.991	0.189	360	903	2090	4800	3.70	7.92	13.19
JSP	u	u	474.651	0.099	370	954	1994	4800	3.80	8.23	12.87
JSP	u	ú	474.899	0.182	393	858	2035	4800	4.00	7.63	13.01
JSP	u	ũ	478.073	0.209	408	849	2192	4800	4.12	7.56	13.50
JSP	u	ũ	478.992	0.167	340	884	2213	4800	3.51	7.79	13.57
JSP	u	úː	488.094	0.278	420	697	2275	4800	4.25	6.52	13.76
JSP	u	úː	488.847	0.227	378	724	2239	4800	3.86	6.71	13.65
JSP	u	úː	494.075	0.310	406	892	2384	4800	4.13	7.84	14.07
JSP	u	u	494.482	0.152	433	728	2504	4800	4.38	6.75	14.41
JSP	u	úː	494.802	0.291	367	754	2275	4800	3.77	6.92	13.76
JSP	u	ũ	495.209	0.320	343	1447	2308	4800	3.43	10.58	13.80
JSP	u	u	516.047	0.160	432	1017	1705	4800	4.37	8.56	11.84
JSP	u	u	522.921	0.244	430	911	2144	4800	4.34	7.96	13.36
JSP	u	u	534.244	0.122	410	1022	1892	4800	4.16	8.64	12.53
JSP	u	ú	555.722	0.216	469	872	2488	4800	4.68	7.71	14.36
JSP	u	ú	556.506	0.136	388	910	2086	4800	3.97	7.94	13.17
JSP	u	u	590.821	0.098	360	1288	2140	4800	3.70	10.04	13.35
JSP	u	u	591.542	0.102	357	1267	2222	4800	3.67	9.94	13.60
JSP	u	u	593.879	0.129	444	1080	2169	4800	4.47	8.97	13.44
JSP	u	u	595.272	0.122	596	1293	2393	4800	5.74	10.07	14.09
JSP	u	u	598.745	0.079	418	1079	2251	4800	4.24	8.96	13.69
JSP	u	u	599.330	0.095	379	1868	2479	4800	3.88	12.43	14.31
JSP	u	ṹ	609.922	0.221	460	1221	2049	4800	4.61	9.63	13.01
JSP	u	ṹ	610.665	0.199	357	1232	2193	4800	3.68	9.74	13.48
JSP	u	u	771.665	0.111	393	1376	2390	4800	4.01	10.46	14.09
JSP	u	u	772.527	0.117	292	1183	2009	4800	3.04	9.52	12.93
JSP	u	u	773.853	0.101	395	1467	2323	4800	4.02	10.87	13.90
JSP	u	u	774.311	0.116	317	1456	2199	4800	3.29	10.82	13.53
JSP	u	u	779.396	0.044	530	973	2303	4800	5.22	8.35	13.84
JSP	u	u	779.945	0.059	314	1445	2176	4800	3.27	10.77	13.46
JSP	u	u	780.229	0.052	463	992	2286	4800	4.64	8.46	13.79
JSP	u	u	780.734	0.082	419	1404	2284	4800	4.24	10.59	13.79
JSP	u	u	808.203	0.180	416	996	2405	4800	4.22	8.49	14.13
JSP	u	u	808.974	0.145	436	1054	2067	4800	4.40	8.82	13.11
JSP	u	u	845.691	0.135	467	976	2216	4800	4.67	8.35	13.58
JSP	u	u	846.398	0.170	440	873	1991	4800	4.43	7.71	12.86
JSP	u	u	853.982	0.140	500	1086	2269	4800	4.95	8.95	13.72
JSP	u	u	854.713	0.151	467	914	1861	4800	4.67	7.98	12.42
JSP	u	u	869.735	0.081	490	1339	2168	4800	4.87	10.28	13.44
JSP	u	u	870.392	0.081	605	1268	2442	4800	5.82	9.95	14.23
JSP	u	u	904.017	0.197	490	983	2414	4800	4.87	8.39	14.16
JSP	u	u	927.134	0.208	395	970	2384	4800	4.03	8.34	14.07
JSP	u	u	927.998	0.127	384	992	2111	4800	3.92	8.45	13.26
JSP	u	u	1208.057	0.128	453	666	2363	4800	4.54	6.28	14.01
JSP	u	u	1208.282	0.095	459	1060	2513	4800	4.61	8.85	14.43
JSP	u	u	1211.406	0.082	390	752	2420	4800	3.99	6.92	14.18
JSP	u	u	1211.571	0.086	469	635	2556	4800	4.65	6.05	14.55
JSP	u	u	1211.794	0.113	332	739	2359	4800	3.44	6.83	14.00
JSP	u	u	1211.965	0.108	355	731	2402	4800	3.66	6.77	14.13
JSP	u	ú	1221.800	0.175	386	786	2407	4800	3.94	7.15	14.14
JSP	u	ú	1222.336	0.092	472	670	2448	4800	4.72	6.32	14.25
JSP	u	ú	1229.360	0.170	361	726	2345	4800	3.71	6.73	13.96
JSP	u	u	1229.769	0.111	399	992	2242	4800	4.06	8.46	13.66
JSP	u	ú	1230.014	0.165	390	671	2353	4800	3.98	6.33	13.99
JSP	u	u	1230.349	0.090	403	764	2146	4800	4.10	7.00	13.37
JSP	u	u	1244.680	0.204	392	898	2150	4800	3.99	7.89	13.38
JSP	u	ú	1245.116	0.180	416	922	1834	4800	4.22	8.03	12.31
JSP	u	u	1245.769	0.169	452	817	2138	4800	4.54	7.34	13.34
JSP	u	ú	1246.131	0.167	395	886	1902	4800	4.03	7.82	12.56
JSP	u	uˤ	333.989	0.098	408	994	1976	4700	4.15	8.47	12.82
JSP	u	úˤ	482.570	0.254	410	868	1796	4700	4.16	7.69	12.18
JSP	u	úˤ	483.659	0.161	406	840	1704	4700	4.12	7.51	11.84
JSP	u	uˤ	502.781	0.175	473	991	1774	4700	4.72	8.46	12.10
JSP	u	úˤ	503.067	0.149	440	1067	1828	4700	4.44	8.89	12.30
JSP	u	uˤ	503.447	0.140	407	989	1617	4700	4.14	8.44	11.50
JSP	u	úˤ	503.674	0.201	461	985	1773	4700	4.62	8.42	12.09
JSP	u	uˤ	506.681	0.165	414	962	1890	4700	4.20	8.28	12.52
JSP	u	úˤ	506.909	0.073	358	1092	2018	4700	3.69	9.03	12.95
JSP	u	úˤ	516.280	0.107	368	1022	1672	4700	3.77	8.64	11.71
JSP	u	uˤ	519.863	0.086	420	997	1721	4700	4.25	8.49	11.90
JSP	u	úˤ	520.007	0.064	460	923	1770	4700	4.62	8.04	12.09
JSP	u	uˤ	522.406	0.139	422	854	1789	4700	4.27	7.60	12.16
JSP	u	úˤ	522.606	0.141	507	1081	1826	4700	5.01	8.97	12.29
JSP	u	uˤ	533.857	0.152	346	947	1723	4700	3.57	8.19	11.91
JSP	u	úˤ	534.041	0.089	346	1160	1770	4700	3.57	9.40	12.09
JSP	u	uˤ	1121.419	0.101	430	1117	1764	4700	4.34	9.16	12.07
JSP	u	uˤ	1121.900	0.057	423	1142	1659	4700	4.28	9.31	11.67
JSP	ə	ə	14.709	0.098	417	1788	2299	4300	4.23	12.16	13.83
JSP	ə	ə	252.517	0.083	666	1308	2356	4300	6.29	10.14	13.99
JSP	ə	ə	482.923	0.125	424	1501	2285	4300	4.29	11.01	13.79
JSP	ə	ə	518.284	0.085	556	1620	2261	4300	5.42	11.51	13.72
JSP	ə	ə	546.619	0.060	405	1258	2028	4300	4.12	9.90	12.99
JSP	ə	ə	547.369	0.069	417	1301	2008	4300	4.23	10.11	12.92
JSP	ə	ə	556.132	0.088	515	1423	2197	4300	5.08	10.67	13.53
JSP	ə	ə	556.801	0.066	467	1490	2186	4300	4.67	10.97	13.49
JSP	ə	ə̟	590.362	0.090	501	1596	1966	4300	4.96	11.41	12.78
JSP	ə	ə	591.131	0.075	468	1540	1934	4300	4.68	11.18	12.67
JSP	ə	ə̟	593.357	0.099	530	1618	1997	4300	5.21	11.50	12.89
JSP	ə	ə̟	594.778	0.106	531	1557	1911	4300	5.22	11.25	12.60
JSP	ə	ə	610.312	0.091	422	1484	2493	4300	4.28	10.94	14.34
JSP	ə	ə	611.006	0.104	393	1320	2290	4300	4.01	10.20	13.80
JSP	ə	ə	645.872	0.073	397	1525	2096	4300	4.05	11.12	13.21
JSP	ə	ə	697.133	0.097	504	1231	1966	4300	4.99	9.76	12.78
JSP	ə	ə	697.402	0.070	365	1600	2488	4300	3.75	11.43	14.36
JSP	ə	ə	698.915	0.062	511	1135	1869	4300	5.06	9.27	12.45
JSP	ə	ə	699.117	0.074	376	1605	2428	4300	3.85	11.45	14.20
JSP	ə	ə	779.808	0.093	492	1277	2384	4300	4.89	9.99	14.08
JSP	ə	ə	780.562	0.078	503	1177	2325	4300	4.98	9.49	13.91
JSP	ə	ə̆	807.857	0.068	547	1215	2389	4300	5.35	9.68	14.09
JSP	ə	ə̆	808.682	0.044	501	1008	2318	4300	4.97	8.56	13.89
JSP	ə	ə	1017.201	0.097	529	1748	2208	4300	5.20	12.00	13.56
JSP	ə	ə	1018.093	0.093	428	1578	2078	4300	4.33	11.34	13.15
JSP	ə	ə	1081.054	0.064	455	1386	2319	4300	4.57	10.51	13.89
JSP	ə	ə	1082.259	0.068	459	1339	2152	4300	4.61	10.29	13.39
JSP	ə	ə	1090.668	0.129	585	1479	2252	4300	5.66	10.92	13.69
JSP	ə	ə	1109.230	0.063	548	1308	1907	4300	5.35	10.14	12.44
JSP	ə	ə	1110.063	0.045	483	1281	2160	4300	4.82	10.01	13.41
JSP	ə	ə	1125.716	0.097	494	1341	2289	4300	4.91	10.30	13.80
JSP	ə	ə	1126.663	0.085	478	1374	2257	4300	4.77	10.45	13.71
JSP	ə	əˤ	24.486	0.081	427	1556	2012	4250	4.32	11.25	12.93
JSP	ə	əˤ	25.360	0.083	480	1590	2000	4250	4.79	11.39	12.90
JSP	ə	ə̆ˤ	111.195	0.138	445	1435	2202	4250	4.48	10.73	13.53
JSP	ə	ə̃ˤ	572.113	0.166	480	1128	1877	4250	4.78	9.23	12.47
JSP	ə	ə̃ˤ	572.918	0.146	466	1131	2013	4250	4.66	9.24	12.93
JSP	ə	əˤ	598.319	0.096	479	1023	2017	4250	4.78	8.65	12.95
JSP	ə	əˤ	598.919	0.089	485	1044	2041	4250	4.83	8.76	13.02
JSP	ə	əˤ	617.494	0.067	414	1482	2097	4250	4.20	10.93	13.21
JSP	ɪ	ɪ	80.247	0.106	360	1933	2696	5200	3.70	12.67	14.91
JSP	ɪ	ɪ	81.649	0.094	358	2053	2668	5200	3.69	13.06	14.84
JSP	ɪ	ɪ	368.296	0.072	424	1898	2828	5200	4.29	12.55	15.23
JSP	ɪ	ɪ	420.757	0.065	330	1868	2534	5200	3.42	12.44	14.48
JSP	ɪ	ɪ	484.032	0.169	406	1885	2480	5200	4.13	12.50	14.33
JSP	ɪ	ɪ	518.420	0.113	362	2182	2532	5200	3.72	13.48	14.48
JSP	ɪ	ɪ	624.979	0.299	349	1906	2545	5200	3.59	12.58	14.52
JSP	ɪ	ɪ	627.514	0.122	359	1888	2602	5200	3.69	12.52	14.67
JSP	ɪ	ɪ	666.369	0.062	433	1908	2433	5200	4.38	12.59	14.21
JSP	ɐ	ɐ	201.896	0.114	666	1488	2365	5150	6.29	10.95	14.02
JSP	ɐ	ɐ	203.043	0.114	641	1485	2357	5150	6.10	10.93	14.00
JSP	ɐ	ɐ	515.604	0.095	646	1769	2413	5150	6.14	12.08	14.14
JSP	ɐ	ɐ	755.963	0.163	682	1589	2447	5150	6.41	11.39	14.25
JSP	ɐ	ɐ	756.902	0.131	674	1547	2393	5150	6.35	11.21	14.10
JSP	ɐ	ɐ	808.802	0.109	533	1251	2317	5150	5.23	9.86	13.88
PSX	i	í	7.075	0.090	421	2705	3503	6500	4.27	14.93	16.70
PSX	i	í	8.305	0.111	413	2661	3394	6500	4.19	14.82	16.48
PSX	i	í	10.361	0.124	430	2691	3342	6500	4.35	14.90	16.38
PSX	i	í	11.695	0.119	402	2659	3354	6500	4.09	14.82	16.40
PSX	i	i	13.478	0.090	425	2643	3217	6500	4.31	14.77	16.11
PSX	i	í	13.657	0.179	404	2680	3347	6500	4.11	14.87	16.39
PSX	i	i	14.469	0.085	427	2652	3208	6500	4.32	14.80	16.10
PSX	i	í	14.625	0.146	385	2691	3254	6500	3.93	14.90	16.20
PSX	i	i	21.124	0.182	361	2863	3407	6500	3.71	15.32	16.51
PSX	i	i	21.986	0.101	358	2872	3507	6500	3.68	15.34	16.71
PSX	i	íː	28.493	0.153	394	2665	3396	6500	4.02	14.83	16.49
PSX	i	íː	29.361	0.118	403	2615	3402	6500	4.10	14.70	16.50
PSX	i	íː	32.782	0.187	374	2913	3517	6500	3.83	15.44	16.72
PSX	i	íː	34.486	0.127	384	2973	3358	6500	3.93	15.58	16.41
PSX	i	íː	37.753	0.181	369	2702	3298	6500	3.79	14.92	16.29
PSX	i	i	38.070	0.124	392	2652	3339	6500	3.99	14.80	16.37
PSX	i	íː	39.385	0.164	391	2733	3214	6500	3.99	15.00	16.11
PSX	i	i	39.716	0.067	1079	2808	3602	6500	7.23	15.16	16.82
PSX	i	i	41.888	0.149	340	2646	3406	6500	3.51	14.78	16.50
PSX	i	i	43.428	0.118	347	2707	3445	6500	3.58	14.94	16.58
PSX	i	i	50.536	0.243	411	2648	3251	6500	4.17	14.79	16.19
PSX	i	i	51.841	0.123	384	2734	3429	6500	3.93	15.00	16.55
PSX	i	íː	77.813	0.116	427	2559	3290	6500	4.32	14.55	16.27
PSX	i	i	78.613	0.274	428	2698	3302	6500	4.32	14.91	16.30
PSX	i	í	78.887	0.136	384	2595	3456	6500	3.92	14.65	16.61
PSX	i	íː	79.286	0.093	431	2596	3151	6500	4.36	14.65	15.97
PSX	i	i	79.998	0.091	391	2497	3119	6500	3.99	14.39	15.90
PSX	i	í	80.115	0.146	340	2661	3485	6500	3.50	14.82	16.67
PSX	i	i	109.238	0.101	446	2434	2866	6500	4.48	14.21	15.33
PSX	i	i	113.982	0.099	415	2369	3064	6500	4.21	14.02	15.78
PSX	i	íː	124.893	0.275	394	2759	3235	6500	4.02	15.07	16.15
PSX	i	í	125.835	0.181	341	2739	3099	6500	3.52	15.02	15.86
PSX	i	í	127.962	0.119	502	2475	3081	6500	4.96	14.32	15.82
PSX	i	í	129.079	0.076	464	2532	3359	6500	4.64	14.48	16.41
PSX	i	í	136.077	0.309	357	2779	3462	6500	3.67	15.12	16.62
PSX	i	í	137.607	0.193	349	2703	3279	6500	3.60	14.93	16.25
PSX	i	í	217.289	0.186	410	2815	3486	6500	4.16	15.20	16.67
PSX	i	í	218.270	0.125	324	2694	3368	6500	3.35	14.90	16.43
PSX	i	í	221.118	0.081	393	2603	3334	6500	4.01	14.67	16.36
PSX	i	i	221.461	0.161	428	2668	3291	6500	4.33	14.84	16.25
PSX	i	í	222.266	0.053	401	2611	3311	6500	4.09	14.69	16.32
PSX	i	i	222.507	0.095	389	2725	3463	6500	3.97	14.98	16.62
PSX	i	í	225.964	0.097	376	2483	3165	6500	3.85	14.35	16.01
PSX	i	i	226.210	0.246	376	2793	3558	6500	3.85	15.15	16.80
PSX	i	í	227.632	0.091	399	2457	3348	6500	4.06	14.28	16.39
PSX	i	i	227.875	0.221	372	2675	3426	6500	3.82	14.85	16.55
PSX	i	í	293.671	0.186	389	2928	3409	6500	3.96	15.47	16.51
PSX	i	í	294.910	0.150	372	2856	3267	6500	3.81	15.30	16.22
PSX	i	í	298.411	0.164	406	2839	3291	6500	4.13	15.26	16.27
PSX	i	í	299.535	0.170	392	2758	3050	6500	4.00	15.06	15.75
PSX	i	i	300.721	0.067	322	2572	3293	6500	3.34	14.59	16.28
PSX	i	i	301.368	0.054	409	2615	3420	6500	4.16	14.70	16.54
PSX	i	i	306.590	0.192	348	2693	3185	6500	3.58	14.90	16.01
PSX	i	i	308.083	0.161	508	2603	3391	6500	4.86	14.67	16.48
PSX	i	í	333.083	0.183	373	2786	3231	6500	3.82	15.13	16.13
PSX	i	í	333.982	0.234	338	2829	3402	6500	3.49	15.24	16.49
PSX	i	i	349.601	0.270	335	2682	3402	6500	3.47	14.87	16.47
PSX	i	i	350.570	0.134	439	2591	3240	6500	4.42	14.64	16.16
PSX	i	i	353.030	0.178	362	2620	3117	6500	3.72	14.71	15.89
PSX	i	i	353.837	0.120	323	2719	3371	6500	3.35	14.97	16.43
PSX	i	i	470.580	0.061	482	2179	3098	6500	4.80	13.47	15.86
PSX	i	i	471.149	0.163	430	2576	3048	6500	4.34	14.60	15.75
PSX	i	i	472.365	0.080	463	2299	3089	6500	4.64	13.83	15.84
PSX	i	i	472.985	0.087	644	2757	3365	6500	4.27	15.06	16.35
PSX	i	í	478.018	0.163	352	2683	3314	6500	3.63	14.88	16.32
PSX	i	í	480.004	0.285	522	2766	3416	6500	4.41	15.06	16.49
PSX	i	í	492.314	0.133	396	2635	3313	6500	4.03	14.75	16.32
PSX	i	í	493.484	0.130	378	2788	3408	6500	3.87	15.14	16.51
PSX	i	í	496.448	0.168	380	2735	3434	6500	3.89	15.01	16.56
PSX	i	í	497.562	0.266	347	2788	3516	6500	3.58	15.14	16.72
PSX	i	ĩ́	502.649	0.133	336	2793	3430	6500	3.47	15.15	16.55
PSX	i	ĩ́	503.317	0.139	395	2703	3451	6500	4.03	14.93	16.59
PSX	i	í	507.540	0.103	346	2455	3597	6500	3.56	14.27	16.88
PSX	i	í	508.926	0.118	330	2480	3463	6500	3.42	14.34	16.62
PSX	i	í	533.491	0.155	422	2781	3155	6500	4.28	15.12	15.98
PSX	i	íː	544.076	0.199	377	2831	3395	6500	3.86	15.24	16.47
PSX	i	íː	545.412	0.145	404	2654	3048	6500	4.11	14.79	15.75
PSX	i	ĩ́ː	675.837	0.409	465	2582	2905	6500	4.65	14.60	15.41
PSX	i	i	676.411	0.222	359	2550	3143	6500	3.69	14.52	15.94
PSX	i	ĩ́ː	677.062	0.309	400	2884	3409	6500	4.08	15.37	16.51
PSX	i	i	677.521	0.089	288	2843	3383	6500	3.00	15.27	16.46
PSX	i	i	684.115	0.074	335	2533	2929	6500	3.47	14.49	15.48
PSX	i	ĩ́ː	686.237	0.320	358	3001	3617	6500	3.68	15.64	16.92
PSX	i	i	686.678	0.042	346	2778	3099	6500	3.57	15.11	15.86
PSX	i	i	691.047	0.079	383	2782	3322	6500	3.91	15.12	16.33
PSX	i	i	692.479	0.070	383	2670	3086	6500	3.91	14.84	15.83
PSX	i	iˤ	24.750	0.100	547	2506	3506	7000	5.36	14.41	16.70
PSX	i	íˤ	25.030	0.213	388	2886	3560	7000	3.95	15.37	16.81
PSX	i	iˤ	25.730	0.100	442	2572	3705	7000	4.46	14.59	17.09
PSX	i	íˤ	25.986	0.201	417	2759	3607	7000	4.22	15.06	16.90
PSX	i	íˤ	532.447	0.237	362	2599	3217	7000	3.72	14.65	16.11
PSX	i	iˤ	588.269	0.141	413	2629	3641	7000	4.19	14.74	16.97
PSX	i	iˤ	589.431	0.127	396	2723	3849	7000	4.04	14.98	17.34
PSX	i	íˤ	593.627	0.175	368	2527	3227	7000	3.77	14.47	16.11
PSX	i	íˤ	594.928	0.182	341	2554	3349	7000	3.52	14.54	16.39
PSX	i	íˤ	758.841	0.233	361	2623	3322	7000	3.71	14.72	16.31
PSX	i	íˤ	759.860	0.214	367	2609	3594	7000	3.77	14.68	16.88
PSX	i	ìˤ	763.032	0.256	363	2926	3548	7000	3.73	15.46	16.78
PSX	i	ìˤ	764.243	0.187	356	2956	3811	7000	3.67	15.54	17.27
PSX	e	e	28.844	0.102	547	2450	3298	6500	5.35	14.26	16.29
PSX	e	e	29.733	0.062	497	2414	3356	6500	4.93	14.16	16.41
PSX	e	é	41.544	0.118	428	2496	3288	6500	4.33	14.39	16.27
PSX	e	é	43.057	0.129	396	2626	3409	6500	4.03	14.73	16.52
PSX	e	é	45.477	0.181	450	2589	3222	6500	4.53	14.63	16.13
PSX	e	é	46.823	0.137	404	2588	3236	6500	4.11	14.63	16.16
PSX	e	é	49.951	0.111	555	2408	3191	6500	5.42	14.14	16.06
PSX	e	e	50.233	0.104	502	2395	3193	6500	4.97	14.10	16.06
PSX	e	é	51.282	0.115	424	2422	3188	6500	4.29	14.18	16.05
PSX	e	e	51.526	0.119	482	2502	3200	6500	4.81	14.40	16.08
PSX	e	éː	72.610	0.284	438	2374	3176	6500	4.42	14.05	16.03
PSX	e	éː	73.840	0.202	395	2556	3328	6500	4.02	14.55	16.35
PSX	e	e	78.126	0.105	574	2274	3087	6500	5.57	13.76	15.83
PSX	e	e	79.598	0.070	494	2280	3071	6500	4.91	13.78	15.80
PSX	e	éː	87.411	0.169	544	2210	3018	6500	5.32	13.56	15.67
PSX	e	éː	88.852	0.128	434	2313	3121	6500	4.38	13.86	15.90
PSX	e	e	310.971	0.098	495	2309	3114	6500	4.91	13.85	15.89
PSX	e	e	312.008	0.115	521	2232	3209	6500	5.13	13.61	16.10
PSX	e	e	401.648	0.058	445	2347	2871	6500	4.47	13.97	15.33
PSX	e	é	401.909	0.153	481	2281	3099	6500	4.78	13.78	15.86
PSX	e	e	403.372	0.058	562	2417	2894	6500	5.48	14.17	15.37
PSX	e	é	403.580	0.076	444	2397	3010	6500	4.47	14.11	15.66
PSX	e	e	493.026	0.089	435	2436	3137	6500	4.39	14.22	15.94
PSX	e	é	493.320	0.084	512	2222	2979	6500	5.06	13.60	15.59
PSX	e	éː	597.954	0.202	463	2454	3208	6500	4.64	14.27	16.10
PSX	e	éː	599.221	0.138	410	2411	3162	6500	4.17	14.15	16.00
PSX	e	é	607.932	0.183	480	2409	3174	6500	4.79	14.13	16.03
PSX	e	é	609.132	0.127	407	2573	3236	6500	4.14	14.59	16.16
PSX	e	é	615.044	0.147	458	2233	3199	6500	4.60	13.61	16.08
PSX	e	é	616.230	0.108	502	2159	3182	6500	4.98	13.40	16.04
PSX	e	é	628.749	0.107	548	2249	3159	6500	5.37	13.68	15.99
PSX	e	é	629.844	0.095	510	2302	3025	6500	5.04	13.84	15.69
PSX	e	é	649.244	0.178	467	2271	2999	6500	4.68	13.75	15.64
PSX	e	ẽ́ː	683.643	0.349	586	2251	3066	6500	5.66	13.69	15.78
PSX	e	é	690.644	0.156	547	2215	2723	6500	5.35	13.58	14.98
PSX	e	é	692.069	0.175	438	2298	2808	6500	4.42	13.83	15.19
PSX	e	éˤ	59.485	0.106	457	2055	2868	5000	4.58	13.07	15.33
PSX	e	éˤ	61.153	0.109	481	2152	3033	5000	4.80	13.38	15.71
PSX	e	éˤ	64.062	0.151	457	2337	3113	5000	4.57	13.94	15.89
PSX	e	éˤ	65.756	0.098	522	2387	3057	5000	5.14	14.08	15.76
PSX	e	éˤ	68.692	0.140	575	1853	2667	5000	5.58	12.39	14.83
PSX	e	éˤ	70.385	0.137	548	1849	2669	5000	5.36	12.38	14.83
PSX	e	éːˤ	92.278	0.182	570	2106	2736	5000	5.54	13.24	15.01
PSX	e	éːˤ	94.238	0.187	525	2203	2720	5000	5.17	13.54	14.97
PSX	e	éːˤ	99.159	0.236	532	2256	2790	5000	5.23	13.70	15.14
PSX	e	éːˤ	100.194	0.269	520	2312	2749	5000	5.13	13.87	15.04
PSX	e	éːˤ	101.135	0.383	551	2088	2464	5000	5.38	13.17	14.29
PSX	e	éːˤ	102.644	0.256	477	2293	2581	5000	4.76	13.80	14.60
PSX	e	éːˤ	103.629	0.412	521	2286	2804	5000	5.14	13.79	15.18
PSX	e	éːˤ	104.729	0.284	462	2325	2861	5000	4.62	13.91	15.31
PSX	e	eˤ	349.393	0.084	602	1812	2738	5000	5.80	12.24	15.01
PSX	e	eˤ	350.385	0.075	549	1734	2671	5000	5.37	11.95	14.85
PSX	e	ẽ́ˤ	477.264	0.240	649	2144	2528	5000	6.16	13.36	14.44
PSX	e	ẽ́ˤ	479.380	0.146	629	2197	2587	5000	5.99	13.52	14.63
PSX	e	éˤ	619.096	0.234	499	2279	2790	5000	4.94	13.62	15.12
PSX	e	éˤ	620.343	0.181	423	2369	2803	5000	4.29	14.01	15.16
PSX	e	éˤ	636.970	0.158	575	2002	2674	5000	5.57	12.90	14.84
PSX	e	éˤ	637.878	0.180	494	2043	2646	5000	4.91	13.04	14.78
PSX	e	eˤ	644.036	0.208	599	1877	2859	5000	5.78	12.48	15.31
PSX	e	éˤ	644.336	0.274	547	2040	2778	5000	5.33	12.78	15.09
PSX	e	eˤ	644.984	0.141	609	1898	2641	5000	5.85	12.55	14.77
PSX	e	éˤ	645.230	0.164	489	2190	2907	5000	4.85	13.46	15.37
PSX	e	éˤ	648.035	0.246	630	2191	2855	5000	5.97	13.44	15.29
PSX	e	éˤ	667.529	0.344	625	1739	2438	5000	5.92	11.64	14.20
PSX	e	éˤ	668.627	0.237	557	2375	2826	5000	5.43	14.05	15.23
PSX	e	éˤ	671.556	0.391	695	1888	2613	5000	6.50	12.35	14.66
PSX	e	éˤ	672.793	0.288	501	2288	2800	5000	4.96	13.80	15.17
PSX	a	a	33.118	0.146	823	1903	3458	6000	7.40	12.57	16.61
PSX	a	a	34.777	0.076	850	2030	3487	6000	7.37	13.00	16.67
PSX	a	à	59.967	0.111	580	2121	2923	6000	5.62	13.27	15.46
PSX	a	à	61.627	0.091	638	2179	2803	6000	6.05	13.46	15.17
PSX	a	á	109.389	0.090	838	1973	2911	6000	7.49	12.80	15.43
PSX	a	á	112.700	0.089	947	1799	3035	6000	8.19	12.19	15.71
PSX	a	á	114.159	0.129	868	1784	3010	6000	7.70	12.12	15.64
PSX	a	á	114.868	0.073	903	1782	2961	6000	7.92	12.13	15.55
PSX	a	a	121.376	0.165	743	1593	2902	6000	6.85	11.40	15.41
PSX	a	á	121.631	0.232	820	1701	2727	6000	7.38	11.83	14.97
PSX	a	a	122.495	0.105	760	1662	2848	6000	6.97	11.68	15.28
PSX	a	á	122.658	0.179	836	1732	2929	6000	7.46	11.95	15.47
PSX	a	aː	128.471	0.293	816	1836	2602	6000	7.36	12.33	14.64
PSX	a	a	129.365	0.158	858	1868	3122	6000	7.62	12.44	15.91
PSX	a	á	138.626	0.286	838	1810	2887	6000	7.50	12.23	15.37
PSX	a	á	139.936	0.164	785	1861	2942	6000	7.14	12.42	15.50
PSX	a	á	143.818	0.168	859	1830	2918	6000	7.64	12.31	15.45
PSX	a	á	145.149	0.096	773	1999	3003	6000	7.06	12.89	15.64
PSX	a	áː	169.966	0.297	839	1804	2927	6000	7.51	12.21	15.47
PSX	a	áː	171.261	0.211	821	1764	2976	6000	7.39	12.06	15.58
PSX	a	á	175.736	0.163	833	1536	2889	6000	7.46	11.16	15.38
PSX	a	à	175.937	0.127	816	1892	3086	6000	7.35	12.52	15.83
PSX	a	á	177.035	0.110	703	1405	2784	6000	6.56	10.59	15.13
PSX	a	à	177.182	0.112	798	1742	2856	6000	7.24	11.97	15.30
PSX	a	á	178.491	0.183	757	1819	3044	6000	6.95	12.26	15.74
PSX	a	a	178.821	0.083	818	1910	2830	6000	7.37	12.59	15.24
PSX	a	á	179.446	0.162	803	1942	2913	6000	7.26	12.69	15.44
PSX	a	a	179.753	0.053	855	1983	3205	6000	7.61	12.84	16.09
PSX	a	á	186.379	0.151	898	1705	2957	6000	7.89	11.84	15.54
PSX	a	a	193.345	0.086	854	1736	2823	6000	7.61	11.96	15.22
PSX	a	áː	193.661	0.226	759	1682	2998	6000	6.96	11.75	15.63
PSX	a	a	194.096	0.127	863	1633	2951	6000	7.67	11.56	15.52
PSX	a	áː	194.427	0.180	819	1755	3097	6000	7.37	12.03	15.85
PSX	a	a	195.529	0.155	894	1757	2771	6000	7.86	12.04	15.10
PSX	a	áː	195.871	0.224	867	1767	2906	6000	7.69	12.08	15.42
PSX	a	a	196.347	0.097	834	1659	2895	6000	7.48	11.67	15.39
PSX	a	áː	196.651	0.224	842	1798	3218	6000	7.52	12.19	16.12
PSX	a	á	197.629	0.148	832	1928	2778	6000	7.46	12.65	15.11
PSX	a	aː	197.996	0.224	783	1813	3286	6000	7.13	12.25	16.26
PSX	a	a	198.475	0.131	800	1828	2818	6000	7.24	12.30	15.20
PSX	a	áː	198.819	0.214	818	1742	2991	6000	7.37	11.98	15.62
PSX	a	áː	200.222	0.234	782	1794	2921	6000	7.13	12.18	15.46
PSX	a	a	200.791	0.097	769	1708	3031	6000	7.04	11.86	15.71
PSX	a	áː	201.084	0.158	751	1720	2995	6000	6.91	11.90	15.63
PSX	a	á	224.957	0.128	806	1758	2718	6000	7.29	12.04	14.96
PSX	a	á	226.785	0.094	674	1753	2740	6000	6.35	12.03	15.02
PSX	a	á	232.531	0.075	893	1796	2739	6000	7.86	12.18	15.02
PSX	a	á	233.694	0.129	832	1669	2834	6000	7.44	11.70	15.25
PSX	a	a	294.035	0.141	733	1783	3541	6000	6.78	12.14	16.77
PSX	a	a	295.208	0.118	865	1812	3182	6000	7.67	12.24	16.04
PSX	a	á	318.306	0.137	832	1737	2881	6000	7.46	11.96	15.36
PSX	a	á	345.819	0.151	765	1782	2822	6000	7.01	12.13	15.21
PSX	a	á	346.664	0.135	774	1724	3004	6000	7.06	11.91	15.65
PSX	a	á	356.001	0.079	745	2047	3074	6000	6.87	13.05	15.80
PSX	a	á	357.681	0.090	712	1775	2924	6000	6.63	12.11	15.46
PSX	a	á	360.138	0.120	701	1956	2849	6000	6.55	12.74	15.28
PSX	a	á	361.787	0.095	761	1850	2798	6000	6.98	12.38	15.16
PSX	a	á	364.044	0.102	825	1866	3140	6000	7.42	12.44	15.95
PSX	a	á	365.129	0.117	685	1956	2979	6000	6.43	12.74	15.52
PSX	a	á	366.057	0.089	755	2041	3409	6000	6.93	13.03	16.51
PSX	a	á	368.087	0.042	620	1903	3259	6000	5.94	12.57	16.21
PSX	a	á	438.193	0.147	842	1715	2986	6000	7.53	11.88	15.60
PSX	a	á	439.609	0.109	831	1625	2865	6000	7.45	11.53	15.32
PSX	a	a	447.723	0.051	670	1994	3017	6000	6.32	12.88	15.68
PSX	a	a	447.828	0.117	808	2004	3016	6000	7.28	12.91	15.67
PSX	a	a	449.497	0.053	664	1968	3112	6000	6.27	12.79	15.89
PSX	a	a	449.617	0.112	884	1943	2888	6000	7.80	12.70	15.38
PSX	a	á	470.787	0.174	849	1819	2987	6000	7.57	12.27	15.61
PSX	a	á	472.638	0.149	819	1826	2994	6000	7.37	12.29	15.62
PSX	a	à	615.466	0.151	778	1796	3402	6000	7.06	12.18	16.50
PSX	a	à	616.639	0.068	683	1682	3232	6000	6.42	11.76	16.15
PSX	a	á	700.446	0.242	992	1759	3105	6000	8.46	12.05	15.87
PSX	a	á	701.709	0.210	826	1743	3175	6000	7.42	11.99	16.02
PSX	a	a	702.005	0.124	654	2046	3043	6000	6.19	13.03	15.74
PSX	a	á	705.347	0.164	731	1759	2983	6000	6.77	12.04	15.60
PSX	a	á	708.209	0.227	819	1730	2686	6000	7.36	11.94	14.85
PSX	a	á	709.269	0.216	788	1668	3207	6000	7.15	11.70	16.08
PSX	a	ã́	712.161	0.249	737	1707	3026	6000	6.79	11.85	15.68
PSX	a	ã́	713.215	0.303	444	1632	3396	6000	4.44	11.52	16.47
PSX	a	á	715.627	0.177	838	1796	2886	6000	7.50	12.18	15.37
PSX	a	á	716.721	0.138	780	1721	3093	6000	7.11	11.91	15.85
PSX	a	a	723.368	0.185	883	1891	3086	6000	7.79	12.52	15.83
PSX	a	á	723.716	0.238	808	1815	2771	6000	7.30	12.25	15.07
PSX	a	a	724.257	0.118	650	1950	3231	6000	6.16	12.73	16.14
PSX	a	á	724.519	0.160	766	1819	3133	6000	7.01	12.27	15.93
PSX	a	á	727.360	0.167	786	1919	2935	6000	7.15	12.62	15.42
PSX	a	à	727.847	0.110	677	1858	3293	6000	6.37	12.41	16.28
PSX	a	áː	729.042	0.247	865	1829	3194	6000	7.68	12.30	16.06
PSX	a	à	729.653	0.103	683	1884	3307	6000	6.42	12.50	16.30
PSX	a	a	747.018	0.086	705	1637	2896	6000	6.58	11.58	15.39
PSX	a	a	754.450	0.146	792	1869	2832	6000	7.19	12.45	15.24
PSX	a	a	755.672	0.148	797	1747	2992	6000	7.23	12.00	15.62
PSX	a	á	779.274	0.205	968	1762	2386	6000	8.32	12.06	14.08
PSX	a	á	780.432	0.156	862	1736	2478	6000	7.66	11.96	14.33
PSX	a	á	838.117	0.266	792	1853	3065	6000	7.19	12.39	15.78
PSX	a	á	839.110	0.166	732	1826	3260	6000	6.77	12.29	16.20
PSX	a	á	841.949	0.201	803	1812	2943	6000	7.24	12.24	15.48
PSX	a	á	842.962	0.175	716	1520	3412	6000	6.60	11.09	16.52
PSX	a	áː	848.439	0.291	849	1664	3075	6000	7.57	11.69	15.81
PSX	a	á	849.480	0.202	969	1666	3261	6000	8.32	11.69	16.21
PSX	a	áʲˤ	117.734	0.109	828	1662	2425	4900	7.44	11.56	14.07
PSX	a	áʲˤ	118.977	0.121	831	1892	2443	4900	7.45	12.52	14.18
PSX	a	áˤ	133.695	0.266	796	1742	2506	4900	7.22	11.98	14.41
PSX	a	áˤ	134.720	0.202	833	1761	2568	4900	7.47	12.06	14.58
PSX	a	ã́ˤ	165.923	0.213	790	1737	2339	4900	7.11	11.96	13.86
PSX	a	ã́ˤ	167.038	0.229	784	1697	2405	4900	7.13	11.81	14.05
PSX	a	aʲˤ	199.822	0.171	814	1757	2269	4900	7.34	12.03	13.65
PSX	a	áːˤ	206.179	0.216	840	1683	2475	4900	7.52	11.76	14.33
PSX	a	áːˤ	208.436	0.249	893	1680	2498	4900	7.86	11.75	14.39
PSX	a	áːˤ	588.612	0.337	852	1743	2597	4900	7.58	11.99	14.63
PSX	a	áˤ	589.772	0.151	800	1850	2549	4900	7.25	12.37	14.50
PSX	a	áːˤ	662.317	0.449	713	1618	2020	4900	6.46	11.49	12.94
PSX	a	áːˤ	663.513	0.412	841	1663	2463	4900	7.50	11.67	14.27
PSX	a	áˤ	704.267	0.279	731	1861	2584	4900	6.76	12.41	14.61
PSX	a	áˤ	739.068	0.297	906	1681	2417	4900	7.93	11.75	14.08
PSX	a	áˤ	740.054	0.178	870	1620	2657	4900	7.71	11.51	14.81
PSX	a	áˤ	742.948	0.109	775	1794	2408	4900	7.08	12.18	14.11
PSX	a	áˤ	744.017	0.114	744	1669	2571	4900	6.86	11.70	14.58
PSX	a	áːˤ	746.734	0.256	813	1785	2602	4900	7.33	12.14	14.67
PSX	a	áːˤ	748.090	0.262	866	1690	2380	4900	7.68	11.78	13.99
PSX	a	áˤ	762.303	0.283	735	1719	2283	4900	6.80	11.89	13.78
PSX	a	áˤ	763.497	0.292	745	1757	2380	4900	6.87	12.04	14.06
PSX	o	ó	183.601	0.089	430	1022	3280	5700	4.35	8.64	16.25
PSX	o	ó	184.743	0.102	543	1028	3328	5700	5.32	8.67	16.35
PSX	o	ó	210.645	0.201	512	1048	2913	5700	5.06	8.78	15.44
PSX	o	ó	211.872	0.185	480	1147	2839	5700	4.79	9.32	15.26
PSX	o	ó	228.409	0.253	636	1203	3006	5700	6.06	9.59	15.65
PSX	o	ó	229.215	0.122	534	1109	3101	5700	5.24	9.11	15.87
PSX	o	o	232.824	0.103	486	1218	2807	5700	4.84	9.67	15.16
PSX	o	o	233.990	0.125	576	1153	2879	5700	5.58	9.34	15.35
PSX	o	óː	300.387	0.265	455	933	3091	5700	4.57	8.10	15.84
PSX	o	óː	301.120	0.179	494	1007	3125	5700	4.91	8.55	15.92
PSX	o	óː	305.897	0.290	481	930	3062	5700	4.79	8.09	15.78
PSX	o	óː	307.499	0.229	383	770	3127	5700	3.91	7.04	15.92
PSX	o	óː	311.308	0.233	493	1016	3146	5700	4.90	8.60	15.96
PSX	o	óː	312.304	0.185	521	1040	3146	5700	5.14	8.71	15.96
PSX	o	o	360.567	0.046	527	1526	2863	5700	5.19	11.12	15.32
PSX	o	óː	360.795	0.222	533	1172	3211	5700	5.23	9.42	16.10
PSX	o	o	362.158	0.071	542	1368	3331	5700	5.31	10.42	16.36
PSX	o	óː	362.404	0.196	491	1067	3192	5700	4.89	8.87	16.06
PSX	o	o	364.401	0.068	547	1230	3160	5700	5.35	9.76	15.99
PSX	o	óː	364.635	0.228	577	1058	3220	5700	5.60	8.84	16.12
PSX	o	o	365.453	0.039	482	1070	3136	5700	4.81	8.91	15.94
PSX	o	óː	365.648	0.143	495	1040	3350	5700	4.92	8.72	16.39
PSX	o	óː	366.472	0.290	547	1030	3200	5700	5.35	8.68	16.08
PSX	o	óː	368.415	0.123	487	999	3280	5700	4.85	8.49	16.25
PSX	o	ó	397.591	0.150	553	1453	2872	5700	5.40	10.79	15.34
PSX	o	ó	398.742	0.127	489	1400	2874	5700	4.86	10.55	15.34
PSX	o	ó	402.564	0.207	495	1301	2996	5700	4.91	10.11	15.62
PSX	o	ó	404.157	0.144	573	1325	2850	5700	5.56	10.22	15.29
PSX	o	ó	414.222	0.187	433	1011	3046	5700	4.37	8.54	15.74
PSX	o	ó	415.190	0.176	438	982	3008	5700	4.42	8.37	15.66
PSX	o	ó	433.735	0.165	604	1206	2867	5700	5.81	9.64	15.33
PSX	o	ó	435.172	0.142	580	1209	2800	5700	5.62	9.66	15.17
PSX	o	ó	444.828	0.091	456	1367	2812	5700	4.52	10.41	15.20
PSX	o	ó	470.219	0.139	563	1360	2935	5700	5.48	10.38	15.49
PSX	o	ó	471.949	0.137	489	1395	2803	5700	4.86	10.55	15.17
PSX	o	ó	477.037	0.172	624	1426	2981	5700	5.96	10.69	15.59
PSX	o	ó	479.047	0.179	573	1368	3096	5700	5.57	10.42	15.84
PSX	o	ò	507.693	0.117	484	1240	2914	5700	4.82	9.81	15.44
PSX	o	ò	509.097	0.136	486	1236	2874	5700	4.84	9.79	15.35
PSX	o	ò	594.047	0.137	490	1238	2593	5700	4.87	9.79	14.65
PSX	o	ò	595.370	0.116	479	1083	2722	5700	4.78	8.97	14.97
PSX	o	o	608.324	0.125	539	1280	2733	5700	5.27	10.01	14.96
PSX	o	o	609.472	0.104	574	1178	3074	5700	5.56	9.48	15.79
PSX	o	o	629.156	0.295	557	1359	3052	5700	5.40	10.36	15.74
PSX	o	o	630.154	0.145	509	1410	3178	5700	5.01	10.57	16.03
PSX	o	ò	662.840	0.179	658	1419	2716	5700	6.23	10.65	14.96
PSX	o	ò	663.984	0.147	496	1118	2743	5700	4.93	9.17	15.03
PSX	o	ó	750.773	0.196	469	1049	3076	5700	4.69	8.75	15.81
PSX	o	ó	754.878	0.160	564	1333	2797	5700	5.48	10.26	15.10
PSX	o	ó	756.117	0.123	461	1223	3029	5700	4.62	9.72	15.70
PSX	o	oː	758.347	0.249	500	998	2954	5700	4.96	8.50	15.53
PSX	o	oː	759.416	0.225	487	1048	3093	5700	4.85	8.79	15.85
PSX	o	ò	932.624	0.251	456	983	2963	5700	4.58	8.41	15.55
PSX	o	ò	934.084	0.142	495	1151	2733	5700	4.92	9.35	15.00
PSX	o	oˤ	144.172	0.053	729	1305	2479	5700	6.76	10.13	14.34
PSX	o	oˤ	144.358	0.141	760	1555	2470	5700	6.97	11.24	14.31
PSX	o	oˤ	145.385	0.049	811	1615	2304	5700	7.32	11.49	13.84
PSX	o	oˤ	145.546	0.097	639	1484	2420	5700	6.08	10.95	14.18
PSX	o	óˤ	224.771	0.118	543	1230	2478	5700	5.31	9.76	14.34
PSX	o	óˤ	226.642	0.084	503	1332	2499	5700	4.98	10.24	14.39
PSX	o	óˤ	236.207	0.206	632	1374	2221	5700	6.03	10.45	13.60
PSX	o	óˤ	237.330	0.175	550	1281	2204	5700	5.38	10.01	13.55
PSX	o	óˤ	248.070	0.110	564	1231	2446	5700	5.50	9.76	14.25
PSX	o	óˤ	254.737	0.104	541	1327	2465	5700	5.30	10.23	14.30
PSX	o	óˤ	255.474	0.163	571	1314	2404	5700	5.55	10.17	14.13
PSX	o	óˤ	255.846	0.145	643	1432	2473	5700	6.11	10.72	14.31
PSX	o	óˤ	269.508	0.178	651	1288	2384	5700	6.16	10.04	14.07
PSX	o	óˤ	280.561	0.190	581	1196	2337	5700	5.63	9.58	13.94
PSX	o	oˤ	285.169	0.132	462	1238	2616	5700	4.63	9.80	14.70
PSX	o	óˤ	285.349	0.222	600	1290	2598	5700	5.78	10.05	14.64
PSX	o	óːˤ	314.468	0.351	466	1012	2118	5700	4.66	8.58	13.28
PSX	o	óːˤ	315.429	0.298	553	921	2188	5700	5.39	8.01	13.50
PSX	o	oˤ	637.386	0.172	690	1294	2487	5700	6.44	10.07	14.36
PSX	o	oˤ	638.291	0.131	525	1366	2474	5700	5.16	10.41	14.32
PSX	o	oˤ	762.716	0.242	564	1199	2379	5700	5.49	9.60	14.06
PSX	o	oˤ	763.958	0.189	566	1179	2308	5700	5.51	9.50	13.85
PSX	o	óˤ	766.561	0.210	639	1273	2375	5700	6.04	9.95	14.04
PSX	o	óˤ	767.470	0.200	675	1293	2502	5700	6.34	9.73	14.21
PSX	o	oˤ	770.617	0.135	615	1466	2447	5700	5.88	10.86	14.25
PSX	o	óˤ	770.883	0.227	689	1212	2542	5700	6.46	9.66	14.50
PSX	o	oˤ	771.934	0.068	747	1419	2262	5700	6.88	10.65	13.72
PSX	o	óˤ	772.145	0.179	586	1157	2422	5700	5.66	9.38	14.18
PSX	o	oˤ	774.859	0.202	677	1524	2694	5700	6.37	11.11	14.90
PSX	o	óˤ	775.091	0.231	667	1394	2307	5700	6.29	10.54	13.85
PSX	o	oˤ	776.083	0.149	684	1378	2589	5700	6.42	10.47	14.63
PSX	o	óˤ	776.278	0.216	584	1225	2289	5700	5.65	9.74	13.80
PSX	o	óˤ	783.887	0.240	630	1278	2299	5700	5.98	10.00	13.83
PSX	o	óˤ	785.156	0.064	556	1140	2523	5700	5.43	9.30	14.46
PSX	o	oˤ	788.143	0.189	517	1397	2176	5700	5.10	10.56	13.46
PSX	o	óˤ	788.432	0.125	556	1286	2526	5700	5.43	10.03	14.47
PSX	o	oˤ	799.574	0.172	496	1187	2018	5700	4.93	9.54	12.96
PSX	o	óˤ	799.826	0.158	558	1295	2235	5700	5.44	10.07	13.64
PSX	o	oˤ	827.091	0.113	659	1299	2119	5700	6.23	10.10	13.28
PSX	o	óˤ	827.278	0.184	591	1097	2053	5700	5.71	9.06	13.07
PSX	u	ú	20.730	0.166	452	826	2774	5200	4.54	7.42	15.08
PSX	u	ú	21.648	0.116	454	1035	2712	5200	4.56	8.71	14.94
PSX	u	u	45.754	0.071	435	1414	2467	5200	4.36	10.60	13.70
PSX	u	u	47.034	0.078	388	1456	2732	5200	3.95	10.81	15.00
PSX	u	u	73.006	0.039	460	1570	3352	5200	4.61	11.31	16.40
PSX	u	u	73.269	0.144	525	1475	3025	5200	5.14	10.90	15.67
PSX	u	u	74.160	0.043	415	1551	2975	5200	4.21	11.23	15.58
PSX	u	u	74.401	0.125	807	1931	3240	5200	6.89	12.37	16.09
PSX	u	ú	78.340	0.105	416	1038	2707	5200	4.22	8.72	14.93
PSX	u	ú	79.736	0.095	458	1381	2644	5200	4.60	10.47	14.77
PSX	u	u	87.147	0.189	441	1045	2985	5200	4.44	8.77	15.60
PSX	u	u	87.738	0.107	567	1425	3080	5200	5.51	10.69	15.82
PSX	u	u	88.605	0.166	393	888	2707	5200	4.01	7.83	14.94
PSX	u	u	89.104	0.067	453	1711	2809	5200	4.55	11.86	15.19
PSX	u	u	92.525	0.118	517	1492	2847	5200	5.06	10.98	15.27
PSX	u	u	94.523	0.100	391	1416	2715	5200	3.88	10.61	14.92
PSX	u	u	99.486	0.227	628	1390	2783	5200	5.92	10.51	15.10
PSX	u	u	100.572	0.103	440	1133	2786	5200	4.44	9.25	15.13
PSX	u	u	101.630	0.244	507	1190	2937	5200	5.00	9.55	15.45
PSX	u	u	103.003	0.198	465	1123	2829	5200	4.66	9.19	15.23
PSX	u	u	104.196	0.292	459	1084	3033	5200	4.59	8.98	15.71
PSX	u	u	105.124	0.142	439	1080	2568	5200	4.42	8.96	14.58
PSX	u	ú	141.010	0.228	492	842	2344	5200	4.88	7.48	13.94
PSX	u	ú	142.242	0.165	408	950	2719	5200	4.15	8.21	14.96
PSX	u	u	170.674	0.077	476	1578	3015	5200	4.74	11.34	15.67
PSX	u	u	171.822	0.070	438	1660	2941	5200	4.41	11.67	15.50
PSX	u	u	175.589	0.100	423	854	2959	5200	4.28	7.61	15.55
PSX	u	u	176.869	0.101	444	1007	2910	5200	4.47	8.55	15.43
PSX	u	u	184.102	0.200	454	1129	3000	5200	4.56	9.22	15.63
PSX	u	u	185.222	0.191	459	1100	2921	5200	4.60	9.05	15.43
PSX	u	u	186.950	0.227	438	943	3081	5200	4.41	8.17	15.81
PSX	u	u	193.974	0.122	570	1199	3170	5200	5.54	9.59	16.02
PSX	u	u	194.709	0.083	545	1170	2859	5200	5.33	9.44	15.30
PSX	u	u	196.178	0.120	544	1126	3242	5200	5.31	9.19	16.16
PSX	u	u	196.952	0.120	485	1116	3087	5200	4.83	9.15	15.83
PSX	u	u	198.298	0.089	494	1501	3203	5200	4.91	11.02	16.09
PSX	u	u	199.125	0.064	581	1270	3092	5200	5.63	9.95	15.84
PSX	u	u	200.563	0.139	479	1139	3355	5200	4.78	9.29	16.41
PSX	u	u	201.325	0.067	487	1360	2918	5200	4.85	10.38	15.45
PSX	u	u	220.801	0.088	457	1195	2876	5200	4.59	9.58	15.35
PSX	u	u	222.013	0.048	403	1218	2805	5200	4.10	9.70	15.18
PSX	u	u	227.377	0.064	384	1155	2792	5200	3.92	9.37	15.15
PSX	u	ú	240.591	0.115	468	1204	2948	5200	4.68	9.62	15.52
PSX	u	ú	241.649	0.092	409	1242	2651	5200	4.16	9.81	14.79
PSX	u	u	298.802	0.063	522	1638	3226	5200	5.14	11.58	16.13
PSX	u	u	299.868	0.074	407	1622	3099	5200	4.13	11.52	15.86
PSX	u	u	306.311	0.070	428	990	2617	5200	4.32	8.45	14.70
PSX	u	u	307.843	0.046	524	885	3114	5200	5.16	7.81	15.89
PSX	u	u̥	312.625	0.127	986	2037	3151	5200	8.42	12.96	15.92
PSX	u	u	314.902	0.097	550	1365	3128	5200	5.37	10.41	15.92
PSX	u	u	315.808	0.069	522	1393	2582	5200	5.15	10.54	14.55
PSX	u	ú	322.796	0.225	439	959	3143	5200	4.43	8.26	15.96
PSX	u	ú	325.048	0.160	413	919	2957	5200	4.19	8.02	15.54
PSX	u	ú	325.565	0.173	492	942	3445	5200	4.87	8.16	16.59
PSX	u	u	332.886	0.150	420	1087	3017	5200	4.26	9.00	15.68
PSX	u	u	333.832	0.112	394	1165	2811	5200	4.02	9.40	15.19
PSX	u	ú	338.446	0.128	403	942	3051	5200	4.10	8.16	15.75
PSX	u	ú	339.259	0.130	407	945	3020	5200	4.14	8.18	15.68
PSX	u	ú	342.771	0.130	445	1071	3089	5200	4.48	8.91	15.84
PSX	u	ú	343.631	0.119	418	1117	2993	5200	4.24	9.17	15.62
PSX	u	ũ	346.110	0.164	519	1158	2686	5200	4.98	9.32	14.79
PSX	u	u	346.927	0.070	794	1732	2862	5200	6.98	11.85	15.31
PSX	u	ú	350.118	0.169	415	1034	2595	5200	4.21	8.69	14.63
PSX	u	ú	352.621	0.174	401	1113	2786	5200	4.08	9.12	15.12
PSX	u	ú	353.491	0.076	367	1093	2361	5200	3.77	9.01	14.00
PSX	u	úː	356.428	0.193	375	935	3422	5200	3.84	8.11	16.54
PSX	u	u	356.715	0.215	608	1288	2500	5200	5.84	9.97	13.98
PSX	u	úː	358.092	0.188	362	951	3300	5200	3.73	8.21	16.29
PSX	u	u	358.378	0.154	443	1147	2785	5200	4.44	9.32	15.10
PSX	u	u	361.153	0.198	545	1318	2802	5200	5.33	10.18	15.11
PSX	u	u	364.966	0.087	516	1500	3053	5200	5.10	11.01	15.76
PSX	u	u	365.877	0.105	477	1449	3236	5200	4.76	10.79	16.16
PSX	u	u	366.876	0.197	413	907	3158	5200	4.19	7.94	15.95
PSX	u	ú	387.586	0.231	493	1151	2197	5200	4.89	9.35	13.52
PSX	u	u̞	388.169	0.139	429	1261	2592	5200	4.34	9.91	14.64
PSX	u	u	393.335	0.212	602	1052	2474	5200	5.78	8.73	14.14
PSX	u	u	394.185	0.186	662	1567	3190	5200	6.14	10.90	15.94
PSX	u	u	402.167	0.081	402	1563	2818	5200	4.09	11.28	15.21
PSX	u	u	403.802	0.046	417	1553	2810	5200	4.23	11.24	15.19
PSX	u	u	438.534	0.096	579	1538	2894	5200	5.61	11.17	15.39
PSX	u	u	439.883	0.086	440	1521	2916	5200	4.44	11.10	15.44
PSX	u	u	445.060	0.053	766	1611	2547	5200	7.02	11.47	14.52
PSX	u	ú	447.492	0.079	441	1071	2467	5200	4.44	8.92	14.30
PSX	u	ú	449.267	0.082	412	1070	2506	5200	4.18	8.91	14.41
PSX	u	ú	458.570	0.130	345	1143	2488	5200	3.56	9.31	14.36
PSX	u	ú	459.086	0.111	461	1197	2523	5200	4.62	9.59	14.46
PSX	u	ú	460.317	0.103	413	1114	2886	5200	4.19	9.16	15.37
PSX	u	ú	461.099	0.116	310	1140	2777	5200	3.23	9.27	15.11
PSX	u	ú	462.028	0.093	426	1254	2734	5200	4.31	9.88	15.00
PSX	u	u	544.524	0.121	354	1499	3119	5200	3.65	11.01	15.90
PSX	u	u	545.811	0.087	564	1935	3254	5200	4.80	12.50	16.16
PSX	u	u	598.525	0.254	462	1343	3078	5200	4.62	10.28	15.71
PSX	u	u	599.683	0.136	467	1189	2757	5200	4.67	9.55	15.06
PSX	u	u	648.677	0.258	362	1110	2789	5200	3.72	9.11	15.13
PSX	u	u	649.867	0.131	400	1337	2793	5200	4.07	10.27	15.13
PSX	u	u	747.313	0.076	431	1563	2983	5200	4.35	11.28	15.60
PSX	u	u	748.631	0.081	436	1515	3068	5200	4.40	11.07	15.79
PSX	u	ṵ́	751.802	0.168	402	874	3287	5200	4.09	7.72	16.26
PSX	u	u	779.848	0.155	515	1147	2849	5200	5.07	9.30	15.28
PSX	u	u	780.916	0.077	453	1202	2764	5200	4.55	9.61	15.08
PSX	u	u	905.369	0.046	523	1502	2847	5200	5.15	11.02	15.28
PSX	u	ú	905.560	0.070	380	905	2901	5200	3.89	7.92	15.39
PSX	u	u	906.732	0.068	502	952	2653	5200	4.97	8.22	14.78
PSX	u	ú	906.967	0.067	329	1072	2380	5200	3.41	8.92	14.06
PSX	u	ú	916.435	0.237	489	1045	2901	5200	4.86	8.68	15.23
PSX	u	u	916.951	0.140	466	1082	3052	5200	4.65	8.96	15.75
PSX	u	ú	917.586	0.111	567	1344	3073	5200	5.49	10.30	15.80
PSX	u	u	917.942	0.065	433	1056	2815	5200	4.37	8.83	15.20
PSX	u	ú	924.806	0.088	441	1059	2483	5200	4.45	8.85	14.33
PSX	u	ú	931.972	0.165	489	1074	3010	5200	4.86	8.94	15.66
PSX	u	ú	933.477	0.170	398	1034	2990	5200	4.05	8.70	15.61
PSX	u	uˤ	206.481	0.048	442	1430	2641	4900	4.45	10.71	14.77
PSX	u	uˤ	208.752	0.045	454	1219	2472	4900	4.56	9.70	14.32
PSX	u	úˤ	349.068	0.202	557	1235	2769	4900	5.43	9.75	14.89
PSX	u	uˤ	387.343	0.198	456	1428	2410	4900	4.58	10.69	14.15
PSX	u	ṹ̞ˤ	388.362	0.160	413	1136	2284	4900	4.19	9.27	13.79
PSX	u	úːˤ	392.925	0.333	507	1058	2530	4900	5.02	8.85	14.47
PSX	u	úːˤ	393.883	0.223	439	996	2542	4900	4.43	8.49	14.51
PSX	u	uˤ	593.869	0.116	492	1261	2233	4900	4.89	9.92	13.63
PSX	u	uˤ	595.199	0.086	440	1098	2331	4900	4.44	9.07	13.92
PSX	u	uˤ	739.436	0.138	657	1349	2408	4900	6.21	10.33	14.14
PSX	u	uˤ	740.383	0.062	405	984	2234	4900	4.12	8.41	13.64
PSX	u	uˤ	743.476	0.072	469	1355	2797	4900	4.69	10.37	15.16
PSX	u	uˤ	744.506	0.064	631	1541	2647	4900	6.02	11.19	14.78
PSX	u	uˤ	923.509	0.169	520	1226	2717	4900	5.13	9.74	14.96
PSX	u	úˤ	923.720	0.223	624	1103	2482	4900	5.91	9.02	14.35
PSX	u	uˤ	924.601	0.154	457	1154	2557	4900	4.58	9.35	14.54
PSX	u	uˤ	932.333	0.121	581	1197	2414	4900	5.61	9.27	14.01
PSX	u	uˤ	933.831	0.137	489	992	2690	4900	4.86	8.46	14.88
PSX	ə	ə	135.874	0.104	677	2096	3162	6000	6.37	13.20	16.00
PSX	ə	ə	137.442	0.088	671	1955	3246	6000	6.32	12.73	16.18
PSX	ə	ə	170.385	0.060	654	1848	3016	6000	6.20	12.37	15.67
PSX	ə	ə	171.565	0.065	639	1762	3062	6000	6.08	12.06	15.78
PSX	ə	ə	183.943	0.060	415	1799	2925	6000	4.21	12.20	15.47
PSX	ə	ə	185.069	0.064	471	1796	2930	6000	4.71	12.18	15.48
PSX	ə	ə	186.767	0.048	561	1834	2689	6000	5.47	12.32	14.89
PSX	ə	ə	225.286	0.051	472	1843	2902	6000	4.72	12.35	15.41
PSX	ə	ə	227.050	0.029	455	1853	3103	6000	4.57	12.39	15.87
PSX	ə	ə	227.224	0.040	442	1677	2707	6000	4.46	11.74	14.94
PSX	ə	ə	356.236	0.048	528	1355	3094	6000	5.20	10.36	15.85
PSX	ə	ə	357.920	0.034	589	1355	3012	6000	5.69	10.37	15.67
PSX	ə	ə	360.422	0.069	481	1888	2952	6000	4.80	12.52	15.53
PSX	ə	ə	362.023	0.055	503	1746	2928	6000	4.99	12.00	15.47
PSX	ə	ə	362.696	0.135	662	1483	3355	6000	6.24	10.94	16.38
PSX	ə	ə	364.291	0.058	606	1783	3025	6000	5.83	12.14	15.70
PSX	ə	ə	365.367	0.027	506	1702	2991	6000	5.01	11.83	15.62
PSX	ə	ə	366.277	0.037	683	1366	2932	6000	6.42	10.41	15.48
PSX	ə	ə	368.247	0.027	557	1371	3210	6000	5.43	10.44	16.10
PSX	ə	ə	397.290	0.108	432	2159	2799	6000	4.36	13.39	15.17
PSX	ə	ə	398.468	0.108	398	2477	2864	6000	4.06	14.33	15.32
PSX	ə	ə	461.330	0.075	218	1802	3233	6000	2.31	12.21	16.15
PSX	ə	ə	477.650	0.054	599	1396	2715	6000	5.78	10.55	14.96
PSX	ə	ə	479.601	0.117	485	1040	2613	6000	4.83	8.74	14.69
PSX	ə	ə	507.312	0.121	772	1904	3261	6000	7.04	12.56	16.20
PSX	ə	ə	508.679	0.131	809	1879	2435	6000	7.30	12.47	14.10
PSX	ə	ə	708.758	0.137	627	1546	2678	6000	5.97	10.99	14.70
PSX	ə	ə	712.712	0.094	614	1852	3230	6000	5.89	12.38	16.14
PSX	ə	ə	727.654	0.035	510	1536	3221	6000	5.05	11.17	16.13
PSX	ə	ə	729.431	0.041	450	1622	3295	6000	4.53	11.52	16.28
PSX	ə	əˤ	247.888	0.126	599	1421	2693	4600	5.77	10.67	14.90
PSX	ə	əˤ	254.627	0.068	501	1499	2619	4600	4.97	11.01	14.68
PSX	ə	əˤ	255.343	0.076	527	1439	2731	4600	5.19	10.75	15.00
PSX	ə	əˤ	255.734	0.061	526	1408	2682	4600	5.18	10.61	14.87
PSX	ə	əˤ	269.372	0.095	491	1377	2638	4600	4.88	10.47	14.76
PSX	ə	əˤ	280.429	0.079	452	1354	2631	4600	4.54	10.36	14.74
PSX	ə	əˤ	433.420	0.135	715	1518	2496	4600	6.65	11.08	14.35
PSX	ə	əˤ	434.859	0.145	814	1513	2776	4600	7.33	11.06	15.07
PSX	ə	əˤ	444.700	0.039	813	1671	2743	4600	7.33	11.71	15.03
PSX	ə	əˤ	743.316	0.065	579	1516	2864	4600	5.61	11.08	15.30
PSX	ə	əˤ	744.362	0.056	451	1503	3158	4600	4.54	11.02	15.99
PSX	ɪ	ɪ	59.763	0.069	391	2448	3518	6400	3.99	14.25	16.73
PSX	ɪ	ɪ	61.420	0.070	429	2513	3235	6400	4.34	14.43	16.14
PSX	ɪ	ɪ	477.873	0.044	416	2054	3208	6400	4.22	13.08	16.10
PSX	ɪ	ɪ	479.867	0.039	439	1966	3282	6400	4.43	12.78	16.25
PSX	ɐ	ɐ	318.017	0.119	652	1415	2102	4700	6.19	10.63	12.97
PSX	ɐ	ɐ	438.006	0.107	720	2019	2527	4700	6.68	12.94	14.45
PSX	ɐ	ɐ	439.427	0.103	585	1793	2298	4700	5.63	12.09	13.81
PSX	ɐ	ɐ	598.342	0.095	646	1726	2016	4700	6.14	11.92	12.92
PSX	ɐ	ɐ	599.512	0.086	622	1447	2134	4700	5.95	10.77	13.05
PSX	ɐ	ɐ	700.792	0.130	729	1768	2417	4700	6.75	12.00	14.01
PSX	ɐ	ɐ	748.380	0.087	572	1546	2293	4700	5.53	11.20	13.62
